Category Name,CategoryID,Product Name,ProductID,Product Image Url,allImageUrls(5<),Product Url,originalPrice($),salePrice($),Commission Rate,Out of Stock Date,Discount,Click url
Women's Shoes,200133142,Fashion Motorcycle Boots snow Shoes Woman High Heel Platform PU Leather fur Boots Lace Up Women Shoes Ankle Boots YMB349,1005002127059188,https://ae01.alicdn.com/kf/H6badeb5d3f764ca3b5108546cf2f84f0W/Fashion-Motorcycle-Boots-snow-Shoes-Woman-High-Heel-Platform-PU-Leather-fur-Boots-Lace-Up-Women.jpg_220x220.jpg,"https://ae04.alicdn.com/kf/H6badeb5d3f764ca3b5108546cf2f84f0W.jpg,https://ae04.alicdn.com/kf/Hc5eb6f038c7746dca6ce7e345238ca524.jpg,https://ae04.alicdn.com/kf/H392a76f6112e4bb5998595baf1c163d4M.jpg,https://ae04.alicdn.com/kf/H0e356fdd7c7641f1bf1f2b7179f51d19b.jpg,https://ae04.alicdn.com/kf/H8cd037383af841b295e3d443a78f96f8S.jpg,",https://www.aliexpress.com/item/1005002127059188.html,23.90,22.71,10.00%,2098-12-31,5%,https://s.click.aliexpress.com/e/_AqKhlu
Women's Shoes,200133142,Black pumps low heel womens shoes  High Heels Casual Shoes Woman short heels Spring Shoes Platform designer heels shoes YMB25,1005002127041231,https://ae01.alicdn.com/kf/H22e22bdb4d2049258093d91e90354801f/Black-pumps-low-heel-womens-shoes-High-Heels-Casual-Shoes-Woman-short-heels-Spring-Shoes-Platform.jpg_220x220.jpg,"https://ae04.alicdn.com/kf/H22e22bdb4d2049258093d91e90354801f.jpg,https://ae04.alicdn.com/kf/Hdf12d7c559454350be01e444ebb942ae5.jpg,https://ae04.alicdn.com/kf/H1d169c2639724314b2f90a489aadea43n.jpg,https://ae04.alicdn.com/kf/H482d50cacecb475a8e70f6f6c8340990b.jpg,https://ae04.alicdn.com/kf/Hd16b53ed63894b8983b4e5296012754e8.jpg,",https://www.aliexpress.com/item/1005002127041231.html,18.90,17.96,10.00%,2098-12-31,5%,https://s.click.aliexpress.com/e/_98PloI
Women's Shoes,200133142,Buckle Rivet Platform Boots Punk Gothic Women Chunky Block High Heels Combat Military Motorcycle Boots Cosplay Creepers YMB354,1005002126947443,https://ae01.alicdn.com/kf/H8569697ee0fe42e39a61e3c03744931fh/Buckle-Rivet-Platform-Boots-Punk-Gothic-Women-Chunky-Block-High-Heels-Combat-Military-Motorcycle-Boots-Cosplay.jpg_220x220.jpg,"https://ae04.alicdn.com/kf/H8569697ee0fe42e39a61e3c03744931fh.jpg,https://ae04.alicdn.com/kf/Hacd627bfcfec44a783b5dead28d6a845G.jpg,https://ae04.alicdn.com/kf/H6f111a85aaaa47de815e119c2beb15ccg.jpg,https://ae04.alicdn.com/kf/Hb69c74e0dfdc45d5a5f148f164129d77a.jpg,https://ae04.alicdn.com/kf/Hfe56dfb32db04140adc3ab9a563649b3A.jpg,",https://www.aliexpress.com/item/1005002126947443.html,24.90,23.66,10.00%,2098-12-31,5%,https://s.click.aliexpress.com/e/_Ao5EeQ
Women's Shoes,200133142,Women Summer slippers wedge shoes womens mules with heels Flip Flops Wedges Shoes stripper heels flip flops sandals women YMA725,1005002127005283,https://ae01.alicdn.com/kf/H2e28fb8995ba45a991d512e5dcd09f2fh/Women-Summer-slippers-wedge-shoes-womens-mules-with-heels-Flip-Flops-Wedges-Shoes-stripper-heels-flip.jpg_220x220.jpg,"https://ae04.alicdn.com/kf/H2e28fb8995ba45a991d512e5dcd09f2fh.jpg,https://ae04.alicdn.com/kf/H3e27c19e8274493fa1ec46e635dd7474O.jpg,https://ae04.alicdn.com/kf/Hb27b65f6b7b7481094c6b2b6d4b57e10a.jpg,https://ae04.alicdn.com/kf/H0c325a4b196d4f7fbb23977c347b92f3y.jpg,https://ae04.alicdn.com/kf/H5d6085adf04a477d9483c227e0c8f7d9C.jpg,",https://www.aliexpress.com/item/1005002127005283.html,18.90,17.96,10.00%,2098-12-31,5%,https://s.click.aliexpress.com/e/_Amznkq
Women's Shoes,200133142,Platform Boots with fur Fashion Thin Heels Ankle Boots Women High Heels Autumn Winter Woman Shoes sexy boots platform YMA410,1005002126958343,https://ae01.alicdn.com/kf/Ha3eb914d9d814e58b32226c883b294d3K/Platform-Boots-with-fur-Fashion-Thin-Heels-Ankle-Boots-Women-High-Heels-Autumn-Winter-Woman-Shoes.jpg_220x220.jpg,"https://ae04.alicdn.com/kf/Ha3eb914d9d814e58b32226c883b294d3K.jpg,https://ae04.alicdn.com/kf/H9221557db45a41c897d932a156bb891eS.jpg,https://ae04.alicdn.com/kf/H133f0b7a5662492ca1238820687f408bH.jpg,https://ae04.alicdn.com/kf/H7d6ce76463c240f186a3f38f63004416G.jpg,https://ae04.alicdn.com/kf/Hedc36e05050e42eb8b706a90e0e5303b0.jpg,",https://www.aliexpress.com/item/1005002126958343.html,22.90,21.76,10.00%,2098-12-31,5%,https://s.click.aliexpress.com/e/_A6bVNo
Women's Shoes,200133142,2021 new comfortable leather ladies high heel sandals sequined bow high heels buckle pointed sandals,1005002126998020,https://ae01.alicdn.com/kf/Ha856679548c7495fb0e455191816bb796/2021-new-comfortable-leather-ladies-high-heel-sandals-sequined-bow-high-heels-buckle-pointed-sandals.png_220x220.png,"https://ae04.alicdn.com/kf/Ha856679548c7495fb0e455191816bb796.png,https://ae04.alicdn.com/kf/H50faa54ae8394c68af087449d3def744v.png,https://ae04.alicdn.com/kf/H8c3869a313f64a1eba5c4b627993c414V.png,https://ae04.alicdn.com/kf/H7e69d2da076e4d358c2db972c0d614c3k.png,https://ae04.alicdn.com/kf/Hffa36411baea42b196d1e6fb270c4e0ei.png,",https://www.aliexpress.com/item/1005002126998020.html,58.50,29.84,8.00%,2098-12-31,49%,https://s.click.aliexpress.com/e/_AaBR0m
Women's Shoes,200133142,Leopard grain Serpentine Long Boots Women High Heel Boot Pointed Toe Sexy club Shoes Thigh High Over-the-Knee Boots rtg5,1005002122779851,https://ae01.alicdn.com/kf/Ha3afedf1cd1a43a1884393ffcb8eafdbz/Leopard-grain-Serpentine-Long-Boots-Women-High-Heel-Boot-Pointed-Toe-Sexy-club-Shoes-Thigh-High.jpg_220x220.jpg,"https://ae04.alicdn.com/kf/Ha3afedf1cd1a43a1884393ffcb8eafdbz.jpg,https://ae04.alicdn.com/kf/H57f5f8d8d3454387bf4baa19dd662b1eg.jpg,https://ae04.alicdn.com/kf/H7864759302d74003a58ef333833a9089T.jpg,https://ae04.alicdn.com/kf/H1adab28525a34387af206859827ee941Q.jpg,https://ae04.alicdn.com/kf/Hf246cd9aed8d44928c0dfc423e1f9d5bC.jpg,",https://www.aliexpress.com/item/1005002122779851.html,13.85,,8.00%,2098-12-31,null%,https://s.click.aliexpress.com/e/_AClYXC
Women's Shoes,200133142,Big Size 35-43 Winter Over The Knee Boots Women Stretch Thigh High Sexy Woman Shoes Long Bota Feminina zapatos de mujer WSH3443,1005002122971126,https://ae01.alicdn.com/kf/Hd5f81c6d86614dee8b34c1a12f248098m/Big-Size-35-43-Winter-Over-The-Knee-Boots-Women-Stretch-Thigh-High-Sexy-Woman-Shoes.jpg_220x220.jpg,"https://ae04.alicdn.com/kf/Hd5f81c6d86614dee8b34c1a12f248098m.jpg,https://ae04.alicdn.com/kf/H7c19914b3d4d4bf19b4b5072817ff9176.jpg,https://ae04.alicdn.com/kf/H1bb497d3fa6b4e689263edb7e6cea1fdv.jpg,https://ae04.alicdn.com/kf/H1ed0449c5ecf4a89b8e829861c46954d7.jpg,https://ae04.alicdn.com/kf/H97452ce3871242c18b067acf01ade419m.jpg,",https://www.aliexpress.com/item/1005002122971126.html,5.23,,8.00%,2098-12-31,null%,https://s.click.aliexpress.com/e/_ATpQua
Women's Shoes,200133142,Women Boots Warm Women Shoes Winter Waterproof Snow Boots Plush Thick Bottom Ankle Boots Platform Botas Mujer Booties WSH3134,1005002122999032,https://ae01.alicdn.com/kf/H75bbe8fd059c4c398c167971666fe9c9U/Women-Boots-Warm-Women-Shoes-Winter-Waterproof-Snow-Boots-Plush-Thick-Bottom-Ankle-Boots-Platform-Botas.jpg_220x220.jpg,"https://ae04.alicdn.com/kf/H75bbe8fd059c4c398c167971666fe9c9U.jpg,https://ae04.alicdn.com/kf/Hf1da5b5ff3c84bd2bc6822baeb2cce52p.jpg,https://ae04.alicdn.com/kf/Ha90497649dba497b99d2ba514da5f289K.jpg,https://ae04.alicdn.com/kf/Hd07ec8c5acc34691b826ec8995fb10d2D.jpg,https://ae04.alicdn.com/kf/Hb9338522aea14b4b8075dc27227eb57dc.jpg,",https://www.aliexpress.com/item/1005002122999032.html,6.94,,8.00%,2098-12-31,null%,https://s.click.aliexpress.com/e/_9vqKwQ
Women's Shoes,200133142,Women boots winter shoes woman mid-calf snow boots plush botas mujer waterproof warm winter women shoes female booties WSH3141,1005002122745917,https://ae01.alicdn.com/kf/H8f4284f2d8c6473d89809ca62a725b2eQ/Women-boots-winter-shoes-woman-mid-calf-snow-boots-plush-botas-mujer-waterproof-warm-winter-women.jpg_220x220.jpg,"https://ae04.alicdn.com/kf/H8f4284f2d8c6473d89809ca62a725b2eQ.jpg,https://ae04.alicdn.com/kf/H822a8a1da0b74a9382449ac8828c099fM.jpg,https://ae04.alicdn.com/kf/H5a153bfd13594f848075165edd51f75cN.jpg,https://ae04.alicdn.com/kf/Hcd52074ba74c4b8090acfa39da7b6878S.jpg,https://ae04.alicdn.com/kf/H03d1265efc484f41b04c0cf914676587O.jpg,",https://www.aliexpress.com/item/1005002122745917.html,7.58,,8.00%,2098-12-31,null%,https://s.click.aliexpress.com/e/_ANkrhC
Women's Shoes,200133142,2020 Winter  Motocyle Women Platform Boots Platform Knee High Long Sock Boots PU Leather Ankle Boots Waterproof  Boot Shoes,1005002122792562,https://ae01.alicdn.com/kf/H1059855a862a4b71a3d6f9f506579fcd1/2020-Winter-Motocyle-Women-Platform-Boots-Platform-Knee-High-Long-Sock-Boots-PU-Leather-Ankle-Boots.jpg_220x220.jpg,"https://ae04.alicdn.com/kf/H1059855a862a4b71a3d6f9f506579fcd1.jpg,https://ae04.alicdn.com/kf/Hb922b678216e422386c5e40fcaea65ddg.jpg,https://ae04.alicdn.com/kf/H3c20f6d498da4826a2136fec56b5991az.jpg,https://ae04.alicdn.com/kf/He5930b14e28f47549dde0ac15e3f64fb3.jpg,https://ae04.alicdn.com/kf/H6cbc8bbf9c7c4aa0abdce1835d36627eS.jpg,",https://www.aliexpress.com/item/1005002122792562.html,26.52,,8.00%,2098-12-31,null%,https://s.click.aliexpress.com/e/_9johGe
Women's Shoes,200133142,Summer Women Pumps T-stage Fur Buckle Strap Platform Open Toe Dancing High Heel Sandals Sexy Party Wedding Shoes Black mujer s01,1005002122729672,https://ae01.alicdn.com/kf/H775264f7609f499ca690aadb4e0658feN/Summer-Women-Pumps-T-stage-Fur-Buckle-Strap-Platform-Open-Toe-Dancing-High-Heel-Sandals-Sexy.jpg_220x220.jpg,"https://ae04.alicdn.com/kf/H775264f7609f499ca690aadb4e0658feN.jpg,https://ae04.alicdn.com/kf/H2ee838f2ad084f21a0e7dd24ce0b9485P.jpg,https://ae04.alicdn.com/kf/H820de736aaa549c088d695717068d9dcP.jpg,https://ae04.alicdn.com/kf/Hf6fa830c3c1a4a29b68f9803a979daa9G.jpg,https://ae04.alicdn.com/kf/H7ddc3d67b4884fb5b08536f50f76c537t.jpg,",https://www.aliexpress.com/item/1005002122729672.html,10.28,,8.00%,2098-12-31,null%,https://s.click.aliexpress.com/e/_AreA6m
Women's Shoes,200133142,2020 Brand Stretch Suede Leather Thigh High Heels boots Women Winter Boots Stiletto Heels Sexy Over the Knee Boots Female Shoes,1005002122760600,https://ae01.alicdn.com/kf/H296481ee58fb48b9a15c2cd18819e332Z/2020-Brand-Stretch-Suede-Leather-Thigh-High-Heels-boots-Women-Winter-Boots-Stiletto-Heels-Sexy-Over.jpg_220x220.jpg,"https://ae04.alicdn.com/kf/H296481ee58fb48b9a15c2cd18819e332Z.jpg,https://ae04.alicdn.com/kf/Ha95dd4e0c3a74f57864eaff32a05e0107.jpg,https://ae04.alicdn.com/kf/H10d16625a670463a86ac27b54ff8494aZ.jpg,https://ae04.alicdn.com/kf/H81953aff7baa4ad196e42e3a9fe77154F.jpg,https://ae04.alicdn.com/kf/Hacfcbf17f38343c2b68cd915d3a1af27u.jpg,",https://www.aliexpress.com/item/1005002122760600.html,19.60,,8.00%,2098-12-31,null%,https://s.click.aliexpress.com/e/_ABNORg
Women's Shoes,200133142,"New winter boots for women, non-slip bottom shoes, warm fur snow boots for winter, boots to keep warm, ankle boots Women",1005002122898014,https://ae01.alicdn.com/kf/H06a1a5946406417ea3f2757f1b9079baY/New-winter-boots-for-women-non-slip-bottom-shoes-warm-fur-snow-boots-for-winter-boots.jpg_220x220.jpg,"https://ae04.alicdn.com/kf/H06a1a5946406417ea3f2757f1b9079baY.jpg,https://ae04.alicdn.com/kf/H4e6122e809124c8bb67d91335bfaa98au.jpg,https://ae04.alicdn.com/kf/H998641a3bbe34a4f9c7f0fdec2553b85e.jpg,https://ae04.alicdn.com/kf/Hc08c8d12a4234c7f927aca80a5cbee32A.jpg,https://ae04.alicdn.com/kf/H5b0c117e9e4c45118bdde66f9eced25fq.jpg,",https://www.aliexpress.com/item/1005002122898014.html,14.03,,8.00%,2098-12-31,null%,https://s.click.aliexpress.com/e/_AS1H26
Women's Shoes,200133142,Winter Fashion Women's Mid-Calf Boots Round Toe Western Lace-Up Side Zipper Ladies Boots Comfortable Non-Slip Motorcycle Bootie,1005002122659576,https://ae01.alicdn.com/kf/H6f4e5927eed14f499fa6972bf031505bC/Winter-Fashion-Women-s-Mid-Calf-Boots-Round-Toe-Western-Lace-Up-Side-Zipper-Ladies-Boots.jpg_220x220.jpg,"https://ae04.alicdn.com/kf/H6f4e5927eed14f499fa6972bf031505bC.jpg,https://ae04.alicdn.com/kf/H19cdd3701ac64926a81a3d5211434450M.jpg,https://ae04.alicdn.com/kf/Hf5abc634ad80478bb7f20cdbc8482f91L.jpg,https://ae04.alicdn.com/kf/H74ad74edda1448d3aa9eeea19833a6d5m.jpg,https://ae04.alicdn.com/kf/Hb3f1c1a04fcb481086865fb7622d701bi.jpg,",https://www.aliexpress.com/item/1005002122659576.html,13.28,,8.00%,2098-12-31,null%,https://s.click.aliexpress.com/e/_AgdaLC
Women's Shoes,200133142,Women winter boots Motorcycle buckle boots women shoes 2020 fashion classic pu leather winter women boots ladies shoes,1005002122779108,https://ae01.alicdn.com/kf/H450e13339fcd4cfe93e4da93d83b94278/Women-winter-boots-Motorcycle-buckle-boots-women-shoes-2020-fashion-classic-pu-leather-winter-women-boots.jpg_220x220.jpg,"https://ae04.alicdn.com/kf/H450e13339fcd4cfe93e4da93d83b94278.jpg,https://ae04.alicdn.com/kf/H5fcafad2efc645e48c06363aa969ea0cJ.jpg,https://ae04.alicdn.com/kf/H05fd8c51bc104a7aa9f7b540b2c0d30aH.jpg,https://ae04.alicdn.com/kf/Hea1a1cc811a544ddae16010a817b99b6o.jpg,https://ae04.alicdn.com/kf/H929420893c304c97bfd2599f86fe8619V.jpg,",https://www.aliexpress.com/item/1005002122779108.html,22.39,,8.00%,2098-12-31,null%,https://s.click.aliexpress.com/e/_AXx0xo
Women's Shoes,200133142,Fast delivery women boots 2020 platform warm shoes woman waterproof winter boots women colorful velvet snow boot ladies shoe,1005002122602697,https://ae01.alicdn.com/kf/H51849c589ccb4445a60fc17364154a8aP/Fast-delivery-women-boots-2020-platform-warm-shoes-woman-waterproof-winter-boots-women-colorful-velvet-snow.jpg_220x220.jpg,"https://ae04.alicdn.com/kf/H51849c589ccb4445a60fc17364154a8aP.jpg,https://ae04.alicdn.com/kf/Hff616ae9bb554471b2af21d00a99826bF.jpg,https://ae04.alicdn.com/kf/H5c3cb93d31d14ca285655f1749d42b7fw.jpg,https://ae04.alicdn.com/kf/Ha6db016502204041a3d86b84fe9c4905r.jpg,https://ae04.alicdn.com/kf/Hb1d5c2c6710f4889bc999a4f6c5cdccbV.jpg,",https://www.aliexpress.com/item/1005002122602697.html,23.99,,8.00%,2098-12-31,null%,https://s.click.aliexpress.com/e/_9zRwQm
Women's Shoes,200133142,Black Beige Ankle Elastic Sock Boots Women Pointed Toe Thin Heel Boots Stretch Women Winter Shoes Sexy Booties Woman,1005002122543797,https://ae01.alicdn.com/kf/H183b1466e28648b0b116155bc439f915b/Black-Beige-Ankle-Elastic-Sock-Boots-Women-Pointed-Toe-Thin-Heel-Boots-Stretch-Women-Winter-Shoes.jpg_220x220.jpg,"https://ae04.alicdn.com/kf/H183b1466e28648b0b116155bc439f915b.jpg,https://ae04.alicdn.com/kf/H65635915060c4859aee7739874bd96623.jpg,https://ae04.alicdn.com/kf/H438d567969b84f8c9c66764f65f9cff7n.jpg,https://ae04.alicdn.com/kf/Ha7a775a6aa7146e9a13faea2b65975bcW.jpg,https://ae04.alicdn.com/kf/H7ad1a1de50df40de8005e42cda9645d7n.jpg,",https://www.aliexpress.com/item/1005002122543797.html,18.19,,8.00%,2098-12-31,null%,https://s.click.aliexpress.com/e/_AYXOtU
Women's Shoes,200133142,Women Boots platform Winter Shoes Women Snow Boots Platform Keep Warm Ankle Winter Boots With Thick Fur Heels Botas Mujer,1005002122729076,https://ae01.alicdn.com/kf/Hadda464f73a64f1a96aca4a5ce75c1e1F/Women-Boots-platform-Winter-Shoes-Women-Snow-Boots-Platform-Keep-Warm-Ankle-Winter-Boots-With-Thick.jpg_220x220.jpg,"https://ae04.alicdn.com/kf/Hadda464f73a64f1a96aca4a5ce75c1e1F.jpg,https://ae04.alicdn.com/kf/H496295d7ead44c70b18437601c3388b4i.jpg,https://ae04.alicdn.com/kf/H1e7e6b26de70432cb4923d3112bd967cc.jpg,https://ae04.alicdn.com/kf/Hb4741b003beb46c1b2c86b6978da4b3aW.jpg,https://ae04.alicdn.com/kf/Hbd87eb82522b4045b87c2276c422fb7eu.jpg,",https://www.aliexpress.com/item/1005002122729076.html,13.98,,8.00%,2098-12-31,null%,https://s.click.aliexpress.com/e/_A69SvU
Women's Shoes,200133142,2020 Female Autumn Winter Lace PU Leather Cowboy Ankle Boots Rivet Women Wedge High Heel Booties Snake Print Botas Mujer 563,1005002122514804,https://ae01.alicdn.com/kf/Hba29b727d6084bbbb2c5342521d1bd7aq/2020-Female-Autumn-Winter-Lace-PU-Leather-Cowboy-Ankle-Boots-Rivet-Women-Wedge-High-Heel-Booties.jpg_220x220.jpg,"https://ae04.alicdn.com/kf/Hba29b727d6084bbbb2c5342521d1bd7aq.jpg,https://ae04.alicdn.com/kf/H665ff082c78e4836a0e18e0c200f67dcy.jpg,https://ae04.alicdn.com/kf/H05be23dcf8c343ee91fee480445e4aebz.jpg,https://ae04.alicdn.com/kf/H574a76c911f640379c70a6ad7812f6a94.jpg,https://ae04.alicdn.com/kf/H9167f6dee0894ee0b96293f3e2a32ff1w.jpg,",https://www.aliexpress.com/item/1005002122514804.html,7.21,,8.00%,2098-12-31,null%,https://s.click.aliexpress.com/e/_AahyyS
Women's Shoes,200133142,Women Boots 2020 Fashion Snow Boots Women Shoes New Women Winter Boots Warm Fur Ankle Boots For Women Winter Shoes Botas Mujer,1005002122635298,https://ae01.alicdn.com/kf/H6d94ea168e2644f09f9e0e61823336569/Women-Boots-2020-Fashion-Snow-Boots-Women-Shoes-New-Women-Winter-Boots-Warm-Fur-Ankle-Boots.jpg_220x220.jpg,"https://ae04.alicdn.com/kf/H6d94ea168e2644f09f9e0e61823336569.jpg,https://ae04.alicdn.com/kf/H24e8b6f7e9b4494ea789442b90ab6c06C.jpg,https://ae04.alicdn.com/kf/Hede1e1d57a95405381c7384a18ec2d09v.jpg,https://ae04.alicdn.com/kf/H5e5b611d9b374da9ae546253a47c054ac.jpg,https://ae04.alicdn.com/kf/H4b0ebc66a796441085143f8294bba931Y.jpg,",https://www.aliexpress.com/item/1005002122635298.html,11.25,,8.00%,2098-12-31,null%,https://s.click.aliexpress.com/e/_ANI5nM
Women's Shoes,200133142,2020 Summer Women's Sandals Platform girls Women's Shoes Ins Hot Sponge Cake Old Shoes Rivets Baotou Trekking Shoes Flats G3-100,1005002122672112,https://ae01.alicdn.com/kf/Hd18288851c7d4c66af745572b36f0712J/2020-Summer-Women-s-Sandals-Platform-girls-Women-s-Shoes-Ins-Hot-Sponge-Cake-Old-Shoes.jpg_220x220.jpg,"https://ae04.alicdn.com/kf/Hd18288851c7d4c66af745572b36f0712J.jpg,https://ae04.alicdn.com/kf/Hf271ea87f41543d1b9b3e1fa1e64b247F.jpg,https://ae04.alicdn.com/kf/Hb4cc6ea1537a45fe9e1987771ec19f2bg.jpg,https://ae04.alicdn.com/kf/H7e8beeb3623f4caca1653d56597df4b9P.jpg,https://ae04.alicdn.com/kf/H2503c887bcb447ad98feeeb23754c4e7g.jpg,",https://www.aliexpress.com/item/1005002122672112.html,25.74,,8.00%,2098-12-31,null%,https://s.click.aliexpress.com/e/_9RMcbu
Women's Shoes,200133142,Embossed Boots Rose Genuine Leather Splicing Low Heel Ankle Boots Elegant Ladies Shoes Women Shoes Botas Mujer 2020,1005002122631157,https://ae01.alicdn.com/kf/H91246d3a51f94d8a91d5816993cecfb2s/Embossed-Boots-Rose-Genuine-Leather-Splicing-Low-Heel-Ankle-Boots-Elegant-Ladies-Shoes-Women-Shoes-Botas.jpg_220x220.jpg,"https://ae04.alicdn.com/kf/H91246d3a51f94d8a91d5816993cecfb2s.jpg,https://ae04.alicdn.com/kf/Hff0239c8e42d4382a443000e6625eb3au.jpg,https://ae04.alicdn.com/kf/Hc859a4fe488b4f8cbf774ebff162e9eaK.jpg,https://ae04.alicdn.com/kf/Hf046fd19d5af47d4a31bb83744d04f8cS.jpg,https://ae04.alicdn.com/kf/H46cdd5975bda4c308091ad84367b4e4eI.jpg,",https://www.aliexpress.com/item/1005002122631157.html,14.41,,8.00%,2098-12-31,null%,https://s.click.aliexpress.com/e/_AM0K4i
Women's Shoes,200133142,Women Sandals Luxury Party Elegant Wedding Heels Sexy Pumps Women Comfortable Non-slip Sandals 11.5cm Shoes big size 758,1005002122548407,https://ae01.alicdn.com/kf/Hda846829aff345baa6a066bcc7e17dfdc/Women-Sandals-Luxury-Party-Elegant-Wedding-Heels-Sexy-Pumps-Women-Comfortable-Non-slip-Sandals-11-5cm.jpg_220x220.jpg,"https://ae04.alicdn.com/kf/Hda846829aff345baa6a066bcc7e17dfdc.jpg,https://ae04.alicdn.com/kf/Ha5417d013e2a4d5aa1c3ae0d35478848e.jpg,https://ae04.alicdn.com/kf/Hb97b259b7ea74eb388f6edf19bd27962a.jpg,",https://www.aliexpress.com/item/1005002122548407.html,8.01,,8.00%,2098-12-31,null%,https://s.click.aliexpress.com/e/_9iUGrg
Women's Shoes,200133142,Shoe Heels Black High Slipper Women Fashion Hot Winter Womens Fashion High Heel Lace Up Ankle Boots Ladies Buckle Platform Shoes,1005002122651063,https://ae01.alicdn.com/kf/H6bf07a6a4e5547e0af1617274cb8262e8/Shoe-Heels-Black-High-Slipper-Women-Fashion-Hot-Winter-Womens-Fashion-High-Heel-Lace-Up-Ankle.jpg_220x220.jpg,"https://ae04.alicdn.com/kf/H6bf07a6a4e5547e0af1617274cb8262e8.jpg,https://ae04.alicdn.com/kf/Hb09ae128213e4d0b8685978cdfef13a5H.jpg,https://ae04.alicdn.com/kf/H794619809e2d46e0898ba96e5f847ae1u.jpg,https://ae04.alicdn.com/kf/He6e815ae38de4a69b2eebb1e5a9cf1eeO.jpg,https://ae04.alicdn.com/kf/H77e17d14e03544c2bfd3c2d73b33b76eE.jpg,",https://www.aliexpress.com/item/1005002122651063.html,5.31,,8.00%,2098-12-31,null%,https://s.click.aliexpress.com/e/_AnZkY6
Women's Shoes,200133142,House Shoes Women Indoor Slippers Autumn 2020 Superstar High quality Casual PU Leather Slippers Female Home Shoes,1005002122394000,https://ae01.alicdn.com/kf/Hacccec6c59e44c37a4fe21e04997cf6cu/House-Shoes-Women-Indoor-Slippers-Autumn-2020-Superstar-High-quality-Casual-PU-Leather-Slippers-Female-Home.jpg_220x220.jpg,"https://ae04.alicdn.com/kf/Hacccec6c59e44c37a4fe21e04997cf6cu.jpg,https://ae04.alicdn.com/kf/H67641db9b27a4b2e98052cf5c7efde73f.jpg,https://ae04.alicdn.com/kf/H3a160931597747f28fb53b638af7c460I.jpg,https://ae04.alicdn.com/kf/Hcc13cd81dbad4ef2b6c213be649471da3.jpg,https://ae04.alicdn.com/kf/H2ea72a66cea342539a9f62bb4567f682X.jpg,",https://www.aliexpress.com/item/1005002122394000.html,8.71,,8.00%,2098-12-31,null%,https://s.click.aliexpress.com/e/_9hE94e
Women's Shoes,200133142,Summer Green Platform High Heels Sandals Non-slip Wedges shoes for Women 10 cm Increase Fashion Garden Shoes sandalias de tacon,1005002122653023,https://ae01.alicdn.com/kf/Hdda43aab4ee948749be9c877ea935bfao/Summer-Green-Platform-High-Heels-Sandals-Non-slip-Wedges-shoes-for-Women-10-cm-Increase-Fashion.jpg_220x220.jpg,"https://ae04.alicdn.com/kf/Hdda43aab4ee948749be9c877ea935bfao.jpg,https://ae04.alicdn.com/kf/Ha3e7ddbd1846407e9ba3a0164b697386x.jpg,https://ae04.alicdn.com/kf/H3148e3a557b646ab996b633d308faee0x.jpg,https://ae04.alicdn.com/kf/Hcbc1a1f2c3744344a5b146d6432f1bcbX.jpg,https://ae04.alicdn.com/kf/H30ff56baf2f649ccaffd1d46ec3179bdG.jpg,",https://www.aliexpress.com/item/1005002122653023.html,16.71,,8.00%,2098-12-31,null%,https://s.click.aliexpress.com/e/_AmndUQ
Women's Shoes,200133142,Cartoon Shark Funny Shoes Girls Lovely Indoor Slippers Ladies Home Shoes 2020 Fashion Plush Warm Slippers Women,1005002122517482,https://ae01.alicdn.com/kf/H2d703625891340fa97e74077ecbeb712P/Cartoon-Shark-Funny-Shoes-Girls-Lovely-Indoor-Slippers-Ladies-Home-Shoes-2020-Fashion-Plush-Warm-Slippers.jpg_220x220.jpg,"https://ae04.alicdn.com/kf/H2d703625891340fa97e74077ecbeb712P.jpg,https://ae04.alicdn.com/kf/H43c476b7744d4e5683b7179a03cb7ff7O.jpg,https://ae04.alicdn.com/kf/Hac8d2b0f4444411a94e8dd9ce4ce9dc2A.jpg,https://ae04.alicdn.com/kf/Hfb980105c46848b0b9e3f4f5d8b36634Y.jpg,https://ae04.alicdn.com/kf/Hea6160510099482d965f166f7f6565abc.jpg,",https://www.aliexpress.com/item/1005002122517482.html,8.98,,8.00%,2098-12-31,null%,https://s.click.aliexpress.com/e/_97D2qm
Women's Shoes,200133142,Cheap Shoes Women Leather Flats Female Flats Spring Shoes 2020 Classic Women's Loafers Casual Leather Shoes Mom Flats,1005002122401954,https://ae01.alicdn.com/kf/Hdfde8a4f17044c459aec5acec6a031f0E/Cheap-Shoes-Women-Leather-Flats-Female-Flats-Spring-Shoes-2020-Classic-Women-s-Loafers-Casual-Leather.jpg_220x220.jpg,"https://ae04.alicdn.com/kf/Hdfde8a4f17044c459aec5acec6a031f0E.jpg,https://ae04.alicdn.com/kf/Hadcc3552afd9478891258a03853da4c0u.jpg,https://ae04.alicdn.com/kf/H06af76e1379445e8b1fd3bf97464ab08q.jpg,https://ae04.alicdn.com/kf/Hac054f5fbb0d492eabf47235e6af641d8.jpg,https://ae04.alicdn.com/kf/Hc37fc00439ba4b6a92afdbe8f75f2174t.jpg,",https://www.aliexpress.com/item/1005002122401954.html,9.95,,8.00%,2098-12-31,null%,https://s.click.aliexpress.com/e/_9JoqKQ
Women's Shoes,200133142,2021 New Fashion Women Boots Square Heel demonia boots platform shoes Elestic Band Thigh High Shoes Black Fur boots YMB351,1005002122417286,https://ae01.alicdn.com/kf/H74f15759be4c48f4908455e162a2d029b/2021-New-Fashion-Women-Boots-Square-Heel-demonia-boots-platform-shoes-Elestic-Band-Thigh-High-Shoes.jpg_220x220.jpg,"https://ae04.alicdn.com/kf/H74f15759be4c48f4908455e162a2d029b.jpg,https://ae04.alicdn.com/kf/H5f3ade213d7a4e4c82ed6a557ae24c84W.jpg,https://ae04.alicdn.com/kf/Hbb1be44ce150491d944af47663daa1fcm.jpg,https://ae04.alicdn.com/kf/Ha8522f7f58ff460bb35508bfdc00fa62O.jpg,https://ae04.alicdn.com/kf/Hb7f2973a6c4844df84ef4f3dcbcf93d37.jpg,",https://www.aliexpress.com/item/1005002122417286.html,23.90,22.71,10.00%,2098-12-31,5%,https://s.click.aliexpress.com/e/_AlTCC6
Women's Shoes,200133142,Winter Gothic Punk Womens Platform Boots Black Buckle Strap zipper Creeper Wedges Shoes Mid Calf Military Combat Boots YMB358,1005002122260820,https://ae01.alicdn.com/kf/Hf58aa1482e1246b6949b92b1e610b5b6p/Winter-Gothic-Punk-Womens-Platform-Boots-Black-Buckle-Strap-zipper-Creeper-Wedges-Shoes-Mid-Calf-Military.jpg_220x220.jpg,"https://ae04.alicdn.com/kf/Hf58aa1482e1246b6949b92b1e610b5b6p.jpg,https://ae04.alicdn.com/kf/H53ecc8d96bbb4016b09cebd57675d4d1L.jpg,https://ae04.alicdn.com/kf/H5814e312d3bb4d9897c30a21b0055902Y.jpg,https://ae04.alicdn.com/kf/H3e1cc5478e284afa88312f2849d65ac7r.jpg,https://ae04.alicdn.com/kf/H6e3a11061a38438b841ce8d1583fde28q.jpg,",https://www.aliexpress.com/item/1005002122260820.html,23.90,22.71,10.00%,2098-12-31,5%,https://s.click.aliexpress.com/e/_ALe3pC
Women's Shoes,200133142,New Women Boots Ankle PU Leather Zipper Booties High Heels Autumn Shoes Black Winter Boots Zapatos De Mujer Pointed Toe,1005002122173942,https://ae01.alicdn.com/kf/Hab1ac017464c4b5c991d07eac506f6cfm/New-Women-Boots-Ankle-PU-Leather-Zipper-Booties-High-Heels-Autumn-Shoes-Black-Winter-Boots-Zapatos.jpg_220x220.jpg,"https://ae04.alicdn.com/kf/Hab1ac017464c4b5c991d07eac506f6cfm.jpg,https://ae04.alicdn.com/kf/H8ecef64eb5624663ba59d1caa97023aeK.jpg,https://ae04.alicdn.com/kf/H0d124b4cf188453982c081d377486ba7g.jpg,https://ae04.alicdn.com/kf/H457c2568f2f1490cb336f60674291f5bk.jpg,https://ae04.alicdn.com/kf/H894216af7dda42b293650f5c4f7ccdcbM.jpg,",https://www.aliexpress.com/item/1005002122173942.html,5.61,,8.00%,2098-12-31,null%,https://s.click.aliexpress.com/e/_AA9B0O
Women's Shoes,200133142,Women Boots 2020 Fashion Waterproof Snow Boots For Winter Shoes Women Casual Lightweight Ankle Botas Mujer Warm Winter Boots,1005002122209797,https://ae01.alicdn.com/kf/H770e0cf1a9a8481dae767161bc5b78fc4/Women-Boots-2020-Fashion-Waterproof-Snow-Boots-For-Winter-Shoes-Women-Casual-Lightweight-Ankle-Botas-Mujer.jpg_220x220.jpg,"https://ae04.alicdn.com/kf/H770e0cf1a9a8481dae767161bc5b78fc4.jpg,https://ae04.alicdn.com/kf/H8be4a7c3d08345ac98abd3b3c3349a03N.jpg,https://ae04.alicdn.com/kf/Ha641990a78564358828d4d71d34a414dy.jpg,https://ae04.alicdn.com/kf/H91692fe363db428597dd685636c7db28d.jpg,https://ae04.alicdn.com/kf/Hdbcd4526291b4e04a15259d73d799852T.jpg,",https://www.aliexpress.com/item/1005002122209797.html,5.99,,8.00%,2098-12-31,null%,https://s.click.aliexpress.com/e/_A4487u
Women's Shoes,200133142,Women Boots 2020 Fashion Waterproof Snow Boots For Winter Shoes Women Casual Lightweight Ankle Botas Mujer Warm Winter Boots,1005002122156890,https://ae01.alicdn.com/kf/H290f6895400c4db8a366eff0b846ea6aJ/Women-Boots-2020-Fashion-Waterproof-Snow-Boots-For-Winter-Shoes-Women-Casual-Lightweight-Ankle-Botas-Mujer.jpg_220x220.jpg,"https://ae04.alicdn.com/kf/H290f6895400c4db8a366eff0b846ea6aJ.jpg,https://ae04.alicdn.com/kf/H00ea5a70bc454b01a8223520cd8920e2E.jpg,https://ae04.alicdn.com/kf/Hab52052ec74646afb5acafe9d580b1c3b.jpg,https://ae04.alicdn.com/kf/H05e5bbc2da5b48259e78050e02e5c643J.jpg,https://ae04.alicdn.com/kf/H5e1d85156d7849fe9fc30b5a2e233788R.jpg,",https://www.aliexpress.com/item/1005002122156890.html,7.79,,8.00%,2098-12-31,null%,https://s.click.aliexpress.com/e/_A1HJGq
Women's Shoes,200133142,Transparent High Heels Women Square Toe Sandals Summer Shoes Woman Clear High Pumps Wedding Jelly Buty Damskie Heels Slippers,1005002122172853,https://ae01.alicdn.com/kf/H25857aea78ed4c41adcec391f1460907j/Transparent-High-Heels-Women-Square-Toe-Sandals-Summer-Shoes-Woman-Clear-High-Pumps-Wedding-Jelly-Buty.jpg_220x220.jpg,"https://ae04.alicdn.com/kf/H25857aea78ed4c41adcec391f1460907j.jpg,https://ae04.alicdn.com/kf/H8d8e9f5d7c0d4742bcc3f4cc15eb9e7ay.jpg,https://ae04.alicdn.com/kf/H1b90859510f04eacaeeaa07f6d23111eq.jpg,https://ae04.alicdn.com/kf/H1c9124a17f1642fb9369bb2b339ce53ab.jpg,",https://www.aliexpress.com/item/1005002122172853.html,8.89,,8.00%,2098-12-31,null%,https://s.click.aliexpress.com/e/_9Jw3J4
Women's Shoes,200133142,Luxury Women Pumps 2019 Transparent High Heels Sexy Pointed Toe Slip-on Wedding Party Brand Fashion Shoes for Lady Thin Heels,1005002122220612,https://ae01.alicdn.com/kf/H3f2ec0170a8b421ea1e73335c9b4e089j/Luxury-Women-Pumps-2019-Transparent-High-Heels-Sexy-Pointed-Toe-Slip-on-Wedding-Party-Brand-Fashion.jpg_220x220.jpg,"https://ae04.alicdn.com/kf/H3f2ec0170a8b421ea1e73335c9b4e089j.jpg,https://ae04.alicdn.com/kf/Hc2800fe0c4b44dc1ae7d1d38fda7f4ffP.jpg,https://ae04.alicdn.com/kf/Hcbf456cfc8e24dc8aa94bda4c3e11ac8t.jpg,https://ae04.alicdn.com/kf/H19e8544204f14a94931e85e9ad43036di.jpg,https://ae04.alicdn.com/kf/Hc2876fc3c7984ddaa2b11cee17532b39R.jpg,",https://www.aliexpress.com/item/1005002122220612.html,9.77,,8.00%,2098-12-31,null%,https://s.click.aliexpress.com/e/_A4Q6Em
Women's Shoes,200133142,Summer Women Croc Clogs Platform Garden Sandals Cartoon Fruit Slippers Slip On For Girl Beach Shoes Fashion Slides Outdoor,1005002122340074,https://ae01.alicdn.com/kf/Hf55ea4eb863b45ec9e5028dd7a6d6d48T/Summer-Women-Croc-Clogs-Platform-Garden-Sandals-Cartoon-Fruit-Slippers-Slip-On-For-Girl-Beach-Shoes.jpg_220x220.jpg,"https://ae04.alicdn.com/kf/Hf55ea4eb863b45ec9e5028dd7a6d6d48T.jpg,https://ae04.alicdn.com/kf/H15c1bb533ffa4ed0ae475a03c26a7f39y.jpg,https://ae04.alicdn.com/kf/Hb9975ef9d18c4ece89df1fb2ba0c7acc4.jpg,https://ae04.alicdn.com/kf/H624e71698bc045d89e59133bd29f0470b.jpg,https://ae04.alicdn.com/kf/H0221a03bd7a343babf69e87cb98bda30v.jpg,",https://www.aliexpress.com/item/1005002122340074.html,5.70,,8.00%,2098-12-31,null%,https://s.click.aliexpress.com/e/_9huIvM
Women's Shoes,200133142,Women PU Leather Ankle Boots Women Autumn Winter Zipper Vintage Women Punk Boots Flat Ladies Shoes Flat Short Snow Boots Mujer,1005002122181615,https://ae01.alicdn.com/kf/H231b1614fcaf46b0a29197f125be4a4c0/Women-PU-Leather-Ankle-Boots-Women-Autumn-Winter-Zipper-Vintage-Women-Punk-Boots-Flat-Ladies-Shoes.jpg_220x220.jpg,"https://ae04.alicdn.com/kf/H231b1614fcaf46b0a29197f125be4a4c0.jpg,https://ae04.alicdn.com/kf/Hf97be79f528342019561127ef6acd7114.jpg,https://ae04.alicdn.com/kf/He59d801724ea42888480cb0acc81dad9j.jpg,https://ae04.alicdn.com/kf/H48af298c78374d7686349b82ee97b6c1x.jpg,https://ae04.alicdn.com/kf/H2269363ab81443c78f474391c51ff9ddE.jpg,",https://www.aliexpress.com/item/1005002122181615.html,7.31,,8.00%,2098-12-31,null%,https://s.click.aliexpress.com/e/_ATxyqq
Women's Shoes,200133142,Fretwork Heels Pointed Toe Slippers Women Shoes Stretch Fabric Air Mesh Mules Flip Flop Slip On Slides Plus Size 43,1005002122234311,https://ae01.alicdn.com/kf/H5a8787e566db4a90b08fb9c73b8130b2A/Fretwork-Heels-Pointed-Toe-Slippers-Women-Shoes-Stretch-Fabric-Air-Mesh-Mules-Flip-Flop-Slip-On.jpg_220x220.jpg,"https://ae04.alicdn.com/kf/H5a8787e566db4a90b08fb9c73b8130b2A.jpg,https://ae04.alicdn.com/kf/H0f16972b15064d71946cdb8b5da360cf8.jpg,https://ae04.alicdn.com/kf/H96c0ceeeb3084ef5b3a3a26883d11a54Y.jpg,https://ae04.alicdn.com/kf/H3c7278c71fda41a383d94e9d195fc81du.jpg,https://ae04.alicdn.com/kf/H323eb404ed0246adbddb74277f61ecc0w.jpg,",https://www.aliexpress.com/item/1005002122234311.html,9.89,,8.00%,2098-12-31,null%,https://s.click.aliexpress.com/e/_9wast4
Women's Shoes,200133142,gladiator sandals women summer shoes High Heels black Sandals Platform Shoes thick heel sandals ladies shoes sandals YMB172,1005002122052877,https://ae01.alicdn.com/kf/H71f2773fe6e4464e979b12e0c32995049/gladiator-sandals-women-summer-shoes-High-Heels-black-Sandals-Platform-Shoes-thick-heel-sandals-ladies-shoes.jpg_220x220.jpg,"https://ae04.alicdn.com/kf/H71f2773fe6e4464e979b12e0c32995049.jpg,https://ae04.alicdn.com/kf/H1e8848a2669741c6bde5618a5459161cd.jpg,https://ae04.alicdn.com/kf/H9cc63882b6ae44728175310a61d8fd44R.jpg,https://ae04.alicdn.com/kf/H63dd778718804638a71077b422602e2fC.jpg,https://ae04.alicdn.com/kf/H82831467714c405c91eb7ddfbc4efebaM.jpg,",https://www.aliexpress.com/item/1005002122052877.html,19.90,18.71,10.00%,2098-12-31,6%,https://s.click.aliexpress.com/e/_ADTT1g
Women's Shoes,200133142,sale luxury brand female platform boots wedges thick bottom women boots autumn winter punk cool shoes woman,1005002122130634,https://ae01.alicdn.com/kf/H112f2470e777445894bfc731271db13fF/sale-luxury-brand-female-platform-boots-wedges-thick-bottom-women-boots-autumn-winter-punk-cool-shoes.jpg_220x220.jpg,"https://ae04.alicdn.com/kf/H112f2470e777445894bfc731271db13fF.jpg,https://ae04.alicdn.com/kf/H18060557741e4b448fa871dbe5ba718dV.jpg,https://ae04.alicdn.com/kf/H8774e883cfc2477c9eed5a0f8debba640.jpg,https://ae04.alicdn.com/kf/Hd9e9f99287b34e89b28c6292e88e46c9x.jpg,https://ae04.alicdn.com/kf/H6c1c7e29e61446708d64b15b6ffae26aH.jpg,",https://www.aliexpress.com/item/1005002122130634.html,13.86,,8.00%,2098-12-31,null%,https://s.click.aliexpress.com/e/_A5AjfU
Women's Shoes,200133142,Goth Shoes On Platform Gothic style Punk Metal Stud High Heel Mid-Calf Womens Demonia Boots High Waterproof Elegant Boots YMB363,1005002122257131,https://ae01.alicdn.com/kf/Hfbb7553115744b58baf07d60369dc40bc/Goth-Shoes-On-Platform-Gothic-style-Punk-Metal-Stud-High-Heel-Mid-Calf-Womens-Demonia-Boots.jpg_220x220.jpg,"https://ae04.alicdn.com/kf/Hfbb7553115744b58baf07d60369dc40bc.jpg,https://ae04.alicdn.com/kf/Heb3385e82e084affa5c9972ddd74e332g.jpg,https://ae04.alicdn.com/kf/H4b770e4b5c0a4276863f2ee55dd38c72z.jpg,https://ae04.alicdn.com/kf/H335254f04d7b4f49aeab971f4e4e463fb.jpg,https://ae04.alicdn.com/kf/H3adce102372641339c2ff112e0748291Y.jpg,",https://www.aliexpress.com/item/1005002122257131.html,22.90,21.76,10.00%,2098-12-31,5%,https://s.click.aliexpress.com/e/_97jniS
Women's Shoes,200133142,LazySeal Fur Women Slides Ladies Black Outdoor Female Shoes Slides Summer Winter 100% Real Rabbit Hair Designer Spring Footwear,1005002122082648,https://ae01.alicdn.com/kf/Ha1bef480392f4851b783e64dfb106d77X/LazySeal-Fur-Women-Slides-Ladies-Black-Outdoor-Female-Shoes-Slides-Summer-Winter-100-Real-Rabbit-Hair.jpg_220x220.jpg,"https://ae04.alicdn.com/kf/Ha1bef480392f4851b783e64dfb106d77X.jpg,https://ae04.alicdn.com/kf/H087735f9f5544b4896d35eaa2502fe7a1.jpg,https://ae04.alicdn.com/kf/H39f98b0686494911bb57971c92f6c2e5n.jpg,",https://www.aliexpress.com/item/1005002122082648.html,9.79,,8.00%,2098-12-31,null%,https://s.click.aliexpress.com/e/_ACJWdM
Women's Shoes,200133142,women shoes sandles block heel shoes chunky sandals Casual Shoes high heels gladiators summer sandals women punk shoes YMB110,1005002122250098,https://ae01.alicdn.com/kf/H8d884c7343ad4398ac946cf3b7321303S/women-shoes-sandles-block-heel-shoes-chunky-sandals-Casual-Shoes-high-heels-gladiators-summer-sandals-women.jpg_220x220.jpg,"https://ae04.alicdn.com/kf/H8d884c7343ad4398ac946cf3b7321303S.jpg,https://ae04.alicdn.com/kf/H95939029921b4df7911a51fcd79c24cd0.jpg,https://ae04.alicdn.com/kf/Hecb995becf8646bda6f85c6f8917ac51O.jpg,https://ae04.alicdn.com/kf/Hb7389b6b9da0447ba299bfbaa2f39ba1x.jpg,https://ae04.alicdn.com/kf/H02bbfb26f7de4c80b6a1b0afb7567ecf1.jpg,",https://www.aliexpress.com/item/1005002122250098.html,19.90,18.71,10.00%,2098-12-31,6%,https://s.click.aliexpress.com/e/_9gOfHg
Women's Shoes,200133142,2020  Winter Knee Boots Women Black Gothic Shoes Warm Plush Boots Square Heels Leather Knee High Boots Women White Combat Boots,1005002122026878,https://ae01.alicdn.com/kf/H726a435d33aa4ed4916b17f437693793H/2020-Winter-Knee-Boots-Women-Black-Gothic-Shoes-Warm-Plush-Boots-Square-Heels-Leather-Knee-High.jpg_220x220.jpg,"https://ae04.alicdn.com/kf/H726a435d33aa4ed4916b17f437693793H.jpg,https://ae04.alicdn.com/kf/H2605126ed0584f1b9c2ca7685e2c0723L.jpg,https://ae04.alicdn.com/kf/Hbc375fae32334983bd5ca4b74fd8d1a9M.jpg,https://ae04.alicdn.com/kf/H6c31812d27a647df91208394db5960f8I.jpg,https://ae04.alicdn.com/kf/H1b1cd1ac608a4622a6159aa492df8188k.jpg,",https://www.aliexpress.com/item/1005002122026878.html,26.56,,8.00%,2098-12-31,null%,https://s.click.aliexpress.com/e/_Aeh1TM
Women's Shoes,200133142,Fashion Vintage Brown Short Boots Women Combat Boots Autumn Platform Gothic Shoes Top layer cowhide motorcycle boots,1005002122037779,https://ae01.alicdn.com/kf/Hd1a7a61e563a4a9cbd492f06296d0777x/Fashion-Vintage-Brown-Short-Boots-Women-Combat-Boots-Autumn-Platform-Gothic-Shoes-Top-layer-cowhide-motorcycle.jpg_220x220.jpg,"https://ae04.alicdn.com/kf/Hd1a7a61e563a4a9cbd492f06296d0777x.jpg,https://ae04.alicdn.com/kf/H91f343e164094bbab5d272cfd2a95344b.jpg,https://ae04.alicdn.com/kf/Hba3c13ffcf064498bc049fe422d5c39bW.jpg,https://ae04.alicdn.com/kf/H6882baeaa9f949ceb98e4a8840d823bb4.jpg,https://ae04.alicdn.com/kf/H3ec44e70dbab436697203443252f94073.jpg,",https://www.aliexpress.com/item/1005002122037779.html,47.06,,8.00%,2098-12-31,null%,https://s.click.aliexpress.com/e/_Aftcyi
Women's Shoes,200133142,New Combat Patent Leather Boots Women Lace Up Gothic Black Platform Leather Martin Ankle Boots Women Shoes Botas Mujer,1005002122216152,https://ae01.alicdn.com/kf/Hbdb16a12110f4d688d244323bd87dc015/New-Combat-Patent-Leather-Boots-Women-Lace-Up-Gothic-Black-Platform-Leather-Martin-Ankle-Boots-Women.jpg_220x220.jpg,"https://ae04.alicdn.com/kf/Hbdb16a12110f4d688d244323bd87dc015.jpg,https://ae04.alicdn.com/kf/Hf11a974140d449288557315a380dccb7E.jpg,https://ae04.alicdn.com/kf/H194e525b0c384a4d987a8c187e39343b4.jpg,https://ae04.alicdn.com/kf/Hba780e155e084db9a1fed2c3571d44bbo.jpg,",https://www.aliexpress.com/item/1005002122216152.html,22.97,,8.00%,2098-12-31,null%,https://s.click.aliexpress.com/e/_9Q7uMS
Women's Shoes,200133142,Ankle Boots for Women 2020 Autumn Motorcycle Boots Thick Heel PlatfoAnkle Brm Shoes Woman Slip on Round Toe Fashion  Boots,1005002122001904,https://ae01.alicdn.com/kf/H6b250c4c50be424b926fee218d10eec8N/Ankle-Boots-for-Women-2020-Autumn-Motorcycle-Boots-Thick-Heel-PlatfoAnkle-Brm-Shoes-Woman-Slip-on.jpg_220x220.jpg,"https://ae04.alicdn.com/kf/H6b250c4c50be424b926fee218d10eec8N.jpg,https://ae04.alicdn.com/kf/H942253f09d8d4664ae21c0bef80f58b4y.jpg,https://ae04.alicdn.com/kf/Ha063a5c4a9414c29b60b1c07162bd7bcM.jpg,https://ae04.alicdn.com/kf/H3cc4660e1dea4814918700f6b3ba265ck.jpg,https://ae04.alicdn.com/kf/Hd558db9183354eeeac0d5298840d64b6q.jpg,",https://www.aliexpress.com/item/1005002122001904.html,20.11,,8.00%,2098-12-31,null%,https://s.click.aliexpress.com/e/_ALgo9M
Women's Shoes,200133142,New Luxury Chelsea Boots Women Ankle Boots Chunky Winter Shoes Platform Ankle Boots Slip on Chunky Heel BV Boot Brand Designer,1005002122078565,https://ae01.alicdn.com/kf/H4454671112924ae180ffd671e7e193a14/New-Luxury-Chelsea-Boots-Women-Ankle-Boots-Chunky-Winter-Shoes-Platform-Ankle-Boots-Slip-on-Chunky.jpg_220x220.jpg,"https://ae04.alicdn.com/kf/H4454671112924ae180ffd671e7e193a14.jpg,https://ae04.alicdn.com/kf/Heb71c12c283c46b3b0a92281157b91ebG.jpg,https://ae04.alicdn.com/kf/He6198a0d63e742ada5124f642cdd3ddfB.jpg,https://ae04.alicdn.com/kf/H7e7f0f1ef9874808be1e6c523ea66ba9I.jpg,https://ae04.alicdn.com/kf/Hd59b36983fb548c3ba6a748fc7b0f0639.jpg,",https://www.aliexpress.com/item/1005002122078565.html,10.76,,8.00%,2098-12-31,null%,https://s.click.aliexpress.com/e/_AZ3LHu
Women's Shoes,200133142,2020 Winter Fashion Women Beige Lace Up Martin Boots Black Wedges High Heels Platform Punk Motorcycle Boots Ankle Boots Shoes,1005002122039646,https://ae01.alicdn.com/kf/Hd8023ffaf4df45e99ca182dde1fdf296A/2020-Winter-Fashion-Women-Beige-Lace-Up-Martin-Boots-Black-Wedges-High-Heels-Platform-Punk-Motorcycle.jpg_220x220.jpg,"https://ae04.alicdn.com/kf/Hd8023ffaf4df45e99ca182dde1fdf296A.jpg,https://ae04.alicdn.com/kf/H605d1fc1590e40abb55f310a83bbb81dn.jpg,https://ae04.alicdn.com/kf/Hb940d548542a483394a36db4f5894f79x.jpg,https://ae04.alicdn.com/kf/He35306c177d14797b45d81f4f1825d1fU.jpg,https://ae04.alicdn.com/kf/H45314a665ae142adbe33523ea203223aD.jpg,",https://www.aliexpress.com/item/1005002122039646.html,21.99,,8.00%,2098-12-31,null%,https://s.click.aliexpress.com/e/_9u6NO6
Women's Shoes,200133142,2019 Women Knee High Boots Fashion Leather Low Heels Buckle Side Zipper Winter Riding Shoes Military Army Western Combat Boots,1005002124266308,https://ae01.alicdn.com/kf/Hc66e2dc587b04fe6b9309a013e4098d5z/2019-Women-Knee-High-Boots-Fashion-Leather-Low-Heels-Buckle-Side-Zipper-Winter-Riding-Shoes-Military.jpg_220x220.jpg,"https://ae04.alicdn.com/kf/Hc66e2dc587b04fe6b9309a013e4098d5z.jpg,https://ae04.alicdn.com/kf/Ha05f4df6410a41439ab83f5bb1fe8f77P.jpg,https://ae04.alicdn.com/kf/Hc475f99dc1cc479d9cd8c081bea27df6Y.jpg,https://ae04.alicdn.com/kf/H2b9214915b73417d83a4e76f00b53abdy.jpg,https://ae04.alicdn.com/kf/H248cb6e2751944aaabc03162dbbff1b1l.jpg,",https://www.aliexpress.com/item/1005002124266308.html,22.04,,8.00%,2098-12-31,null%,https://s.click.aliexpress.com/e/_9zhF2a
Women's Shoes,200133142,Eilyken Sexy Over the Knee high Boots Woman Flock Leather Thick high heels Women Boots Winter Black Apricot Brown Party shoes,1005002124153514,https://ae01.alicdn.com/kf/H478e5f13178e4201a784644bd0fc3923e/Eilyken-Sexy-Over-the-Knee-high-Boots-Woman-Flock-Leather-Thick-high-heels-Women-Boots-Winter.jpg_220x220.jpg,"https://ae04.alicdn.com/kf/H478e5f13178e4201a784644bd0fc3923e.jpg,https://ae04.alicdn.com/kf/H180258a6d61343a2a7f06fdf3b870e7cl.jpg,https://ae04.alicdn.com/kf/Ha095718d1ea24576bd640ea6052a1ea1E.jpg,https://ae04.alicdn.com/kf/H16820cb17d0d409ebe63ae929b61fac47.jpg,https://ae04.alicdn.com/kf/H53428af5be3142aa8f949bb33fa653edQ.jpg,",https://www.aliexpress.com/item/1005002124153514.html,25.35,,8.00%,2098-12-31,null%,https://s.click.aliexpress.com/e/_AKH1Sw
Women's Shoes,200133142,oymlg 2020 autumn and winter new women's comfortable shallow mouth pointed boots women's zipper simple sweet wild boots t01,1005002124110651,https://ae01.alicdn.com/kf/He88236cbe3844bdbbbdf9629e202d2cdX/oymlg-2020-autumn-and-winter-new-women-s-comfortable-shallow-mouth-pointed-boots-women-s-zipper.jpg_220x220.jpg,"https://ae04.alicdn.com/kf/He88236cbe3844bdbbbdf9629e202d2cdX.jpg,https://ae04.alicdn.com/kf/Hd5112a9c80d840d0b085242faba38f33E.jpg,https://ae04.alicdn.com/kf/He46d09c227bf4675951361c69fe51fecC.jpg,https://ae04.alicdn.com/kf/H0ca70f854c79401fa964e17b76b1aaffQ.jpg,https://ae04.alicdn.com/kf/H599bd7d038634244a0f0243a66fe33feB.jpg,",https://www.aliexpress.com/item/1005002124110651.html,8.88,,8.00%,2098-12-31,null%,https://s.click.aliexpress.com/e/_A1XCCE
Women's Shoes,200133142,Stretch Womens Sock Sneakers 2018 Fashion Women Platform Ankle Socks Sneakers Casual Woman Short Boots Ladies Shoes,1005002123992570,https://ae01.alicdn.com/kf/H5cbb8a1b229c4f7088d88a8b523a6afeN/Stretch-Womens-Sock-Sneakers-2018-Fashion-Women-Platform-Ankle-Socks-Sneakers-Casual-Woman-Short-Boots-Ladies.jpg_220x220.jpg,"https://ae04.alicdn.com/kf/H5cbb8a1b229c4f7088d88a8b523a6afeN.jpg,https://ae04.alicdn.com/kf/Hdcd2ab267c514b06977e5d84e56e66c1c.jpg,https://ae04.alicdn.com/kf/Haf2e673b94904df68599c1b4f53abc59z.jpg,https://ae04.alicdn.com/kf/H893f3498821042d6ac92f4c3ac7a711as.jpg,https://ae04.alicdn.com/kf/He0a4f03cfbb54aeebf110cbdc7bfd1a2Z.jpg,",https://www.aliexpress.com/item/1005002123992570.html,29.05,,8.00%,2098-12-31,null%,https://s.click.aliexpress.com/e/_9IRU8i
Women's Shoes,200133142,women Ankle boots Genuine Leather plus size 22-26.5 cm feet length ankle boots pointed toe side zipper winter shoes women,1005002123904128,https://ae01.alicdn.com/kf/H5c3b0f14db2c418290c72819c52db067w/women-Ankle-boots-Genuine-Leather-plus-size-22-26-5-cm-feet-length-ankle-boots-pointed.jpg_220x220.jpg,"https://ae04.alicdn.com/kf/H5c3b0f14db2c418290c72819c52db067w.jpg,https://ae04.alicdn.com/kf/Hc78adf1cf4b642969af44169f205ad49a.jpg,https://ae04.alicdn.com/kf/Hf89dea528efa4ff2be38da4db8852da3H.jpg,https://ae04.alicdn.com/kf/H727ebebb3aa043a9bd1ea0018478f073B.jpg,https://ae04.alicdn.com/kf/Hc7a1f4a7abe041f293934f9761d5f076A.jpg,",https://www.aliexpress.com/item/1005002123904128.html,41.69,,8.00%,2098-12-31,null%,https://s.click.aliexpress.com/e/_A4dwz8
Women's Shoes,200133142,Women ankle boots natural leather 22-24.5CM First layer cowhide stitching twill Chelsea boots cyberstar shoes woman Foam rubber,1005002123777528,https://ae01.alicdn.com/kf/H1bfc09d3b6934d1db019eb684b577c43g/Women-ankle-boots-natural-leather-22-24-5CM-First-layer-cowhide-stitching-twill-Chelsea-boots-cyberstar.jpg_220x220.jpg,"https://ae04.alicdn.com/kf/H1bfc09d3b6934d1db019eb684b577c43g.jpg,https://ae04.alicdn.com/kf/H2629e934052740c6bb2238a6c7496517r.jpg,https://ae04.alicdn.com/kf/H1dc5b12207c6482d8f43c9f4f5072b1fl.jpg,https://ae04.alicdn.com/kf/H07259cd7d2ac44889dc60161aa3623287.jpg,https://ae04.alicdn.com/kf/H2ec11d767e61459fb5844e0fa255e8390.jpg,",https://www.aliexpress.com/item/1005002123777528.html,55.53,,8.00%,2098-12-31,null%,https://s.click.aliexpress.com/e/_AYs87s
Women's Shoes,200133142,Vangull Women Boots British style flock velvet stretch boots casual fashion internal leather European and American all match,1005002123787457,https://ae01.alicdn.com/kf/H899feb1718564947bcdb7ba2776deb40z/Vangull-Women-Boots-British-style-flock-velvet-stretch-boots-casual-fashion-internal-leather-European-and-American.jpg_220x220.jpg,"https://ae04.alicdn.com/kf/H899feb1718564947bcdb7ba2776deb40z.jpg,https://ae04.alicdn.com/kf/H365c258599424be28277754801b06dbeA.jpg,https://ae04.alicdn.com/kf/Hf61bb9f6eff047babd7f3aa26212ee53h.jpg,https://ae04.alicdn.com/kf/H0a0600e27c25460fb824aa15e5a308a8h.jpg,https://ae04.alicdn.com/kf/H86d772cebf7f459aa13df00b79c6d987c.jpg,",https://www.aliexpress.com/item/1005002123787457.html,36.35,,8.00%,2098-12-31,null%,https://s.click.aliexpress.com/e/_A2Aadc
Women's Shoes,200133142,Women Boots Waterproof Winter Boots Women Low Heels Snow Boots For Quilted Winter Shoes Women Warm Ankle Botas Mujer Bottines,1005002123655872,https://ae01.alicdn.com/kf/H06ec4e67f2024e6ab1427356d379148fP/Women-Boots-Waterproof-Winter-Boots-Women-Low-Heels-Snow-Boots-For-Quilted-Winter-Shoes-Women-Warm.jpg_220x220.jpg,"https://ae04.alicdn.com/kf/H06ec4e67f2024e6ab1427356d379148fP.jpg,https://ae04.alicdn.com/kf/H03955af840134ad5aad769973614687ak.jpg,https://ae04.alicdn.com/kf/H9bb9a2f3ea0149e68973583e6a5ba3d79.jpg,https://ae04.alicdn.com/kf/H6c2f6530df884da095a52a0523ca0bbaq.jpg,https://ae04.alicdn.com/kf/Hc6d2bcf8be1f4a2bb06d5b173b0bf44fL.jpg,",https://www.aliexpress.com/item/1005002123655872.html,14.33,,8.00%,2098-12-31,null%,https://s.click.aliexpress.com/e/_9fUa7o
Women's Shoes,200133142,Women Boots Plus Size Winter Boots For Women Waterproof Snow Winter Footwear Femmes Bottes Ankle Zipper Winter Shoes Woman,1005002123827243,https://ae01.alicdn.com/kf/H0ad66b797af5463cabd822ff02aa89dax/Women-Boots-Plus-Size-Winter-Boots-For-Women-Waterproof-Snow-Winter-Footwear-Femmes-Bottes-Ankle-Zipper.jpg_220x220.jpg,"https://ae04.alicdn.com/kf/H0ad66b797af5463cabd822ff02aa89dax.jpg,https://ae04.alicdn.com/kf/Hc86e63782b664ddebac4e5d2e2f56eb4C.jpg,https://ae04.alicdn.com/kf/H76e2f2300a0c4cbd94e09eda0ecf1165w.jpg,https://ae04.alicdn.com/kf/H2e18080f4566408cb6d9f3d64dd9a31eX.jpg,https://ae04.alicdn.com/kf/H189366c2dcfe47b9beb8ddfe6907e7f4R.jpg,",https://www.aliexpress.com/item/1005002123827243.html,15.12,,8.00%,2098-12-31,null%,https://s.click.aliexpress.com/e/_A3tz1s
Women's Shoes,200133142,Genuine Leather Boots Women White Ankle Boots Motorcycle Boots Female Autumn Winter Shoes Woman Punk Botas Mujer 2020 Spring,1005002123674750,https://ae01.alicdn.com/kf/H63610e0e5e834884aaca3b1f5ff08541c/Genuine-Leather-Boots-Women-White-Ankle-Boots-Motorcycle-Boots-Female-Autumn-Winter-Shoes-Woman-Punk-Botas.jpg_220x220.jpg,"https://ae04.alicdn.com/kf/H63610e0e5e834884aaca3b1f5ff08541c.jpg,https://ae04.alicdn.com/kf/H33340364fb08424c84fa90fd9d320261P.jpg,https://ae04.alicdn.com/kf/H4a08ec0884154cfebe628e33da0404788.jpg,https://ae04.alicdn.com/kf/H4e435c836d7c4abc9c2892afcc220527g.jpg,https://ae04.alicdn.com/kf/Hd73543d74fba47dba6af29a120aa3cef4.jpg,",https://www.aliexpress.com/item/1005002123674750.html,24.61,,8.00%,2098-12-31,null%,https://s.click.aliexpress.com/e/_AAO5i2
Women's Shoes,200133142,2020 Boots Women Genuine Leather Shoes For Winter Boots Shoes Woman Casual Autumn Genuine Leather Botas Mujer Female Ankle Boots,1005002123635811,https://ae01.alicdn.com/kf/Hbf4f623f7aa14e0a8bd9c415e725ad89M/2020-Boots-Women-Genuine-Leather-Shoes-For-Winter-Boots-Shoes-Woman-Casual-Autumn-Genuine-Leather-Botas.jpg_220x220.jpg,"https://ae04.alicdn.com/kf/Hbf4f623f7aa14e0a8bd9c415e725ad89M.jpg,https://ae04.alicdn.com/kf/H322f91f077cf4c0598b2807f10238fffM.jpg,https://ae04.alicdn.com/kf/H39dffa2208e44077b82c9fc12e72b119v.jpg,https://ae04.alicdn.com/kf/Hb6d285ec08264e8398e6451e741ed69e4.jpg,https://ae04.alicdn.com/kf/H3724f65d48254442abef1f75bb604980P.jpg,",https://www.aliexpress.com/item/1005002123635811.html,21.95,,8.00%,2098-12-31,null%,https://s.click.aliexpress.com/e/_Al4qKO
Women's Shoes,200133142,Women Boots Ultralight Winter Shoes Women Ankle Botas Mujer Waterpoor Snow Boots Female Slip On Flat Casual Shoes Plush Footwear,1005002123602906,https://ae01.alicdn.com/kf/H68054e571d4d45bcbd36bd38d3bf6040E/Women-Boots-Ultralight-Winter-Shoes-Women-Ankle-Botas-Mujer-Waterpoor-Snow-Boots-Female-Slip-On-Flat.jpg_220x220.jpg,"https://ae04.alicdn.com/kf/H68054e571d4d45bcbd36bd38d3bf6040E.jpg,https://ae04.alicdn.com/kf/H5e154be34a7e4afa9d10172503d136d5f.jpg,https://ae04.alicdn.com/kf/Hf3debcfe03e84a11bbcfe1440e37f96bP.jpg,https://ae04.alicdn.com/kf/H71d6f2283489431d80d0d5d9d8bfe5f4C.jpg,https://ae04.alicdn.com/kf/H76326b49a21a48e7b37ad9d7f70212da9.jpg,",https://www.aliexpress.com/item/1005002123602906.html,11.90,,8.00%,2098-12-31,null%,https://s.click.aliexpress.com/e/_AfE3oW
Women's Shoes,200133142,LazySeal Stretch Fabric Socks Boots Women Shoes Mid-Calf Square Heels Riband Leters Breathtable Sock Shoe Motorcycle Boots,1005002123747357,https://ae01.alicdn.com/kf/H22bd4ce7574b4d449cb644b0c0072103b/LazySeal-Stretch-Fabric-Socks-Boots-Women-Shoes-Mid-Calf-Square-Heels-Riband-Leters-Breathtable-Sock-Shoe.jpg_220x220.jpg,"https://ae04.alicdn.com/kf/H22bd4ce7574b4d449cb644b0c0072103b.jpg,https://ae04.alicdn.com/kf/H4393950a0b2c47dfab45f699071382b07.jpg,https://ae04.alicdn.com/kf/Hfae451cc611a4711aa2af93f701bd345n.jpg,https://ae04.alicdn.com/kf/H2526d6f89cdd4bb7a072cbd963c244ee6.jpg,https://ae04.alicdn.com/kf/Hfc19cc1a5fdf4bbe9ea89657658a8de8W.jpg,",https://www.aliexpress.com/item/1005002123747357.html,18.10,,8.00%,2098-12-31,null%,https://s.click.aliexpress.com/e/_AsjZFy
Women's Shoes,200133142,Real Soft Leather Nude Boots Women's British Style Autumn And Winter 2020 New Casual Women's Shoes Short boots Women Fashion,1005002123718364,https://ae01.alicdn.com/kf/H12037cdf8630417eb2d0c96feabd79d00/Real-Soft-Leather-Nude-Boots-Women-s-British-Style-Autumn-And-Winter-2020-New-Casual-Women.jpg_220x220.jpg,"https://ae04.alicdn.com/kf/H12037cdf8630417eb2d0c96feabd79d00.jpg,https://ae04.alicdn.com/kf/H470b3117594e42edba93f538758a94caM.jpg,https://ae04.alicdn.com/kf/H65e65662de7e4e9dbc7fe75cafc8fb46K.jpg,https://ae04.alicdn.com/kf/H8c04664d25c94168b05d5de799d93fabW.jpg,https://ae04.alicdn.com/kf/H0b9ee538f4fe4dd89a5c96d321ba4fb8K.jpg,",https://www.aliexpress.com/item/1005002123718364.html,23.64,,8.00%,2098-12-31,null%,https://s.click.aliexpress.com/e/_A9CKJY
Women's Shoes,200133142,Pocket Style Women's Fashion Boots 2020 Summer Fashion Microfiber Leather Women Shoes Ladies Trainers Footwear,1005002123600801,https://ae01.alicdn.com/kf/H4ac2e7fdf8ce4c4e8955add0747fe9e2r/Pocket-Style-Women-s-Fashion-Boots-2020-Summer-Fashion-Microfiber-Leather-Women-Shoes-Ladies-Trainers-Footwear.jpg_220x220.jpg,"https://ae04.alicdn.com/kf/H4ac2e7fdf8ce4c4e8955add0747fe9e2r.jpg,https://ae04.alicdn.com/kf/H4193a283e8e440a8912568706707cb25s.jpg,https://ae04.alicdn.com/kf/H1f23d582b5d14d42b189308d586a0498e.jpg,https://ae04.alicdn.com/kf/Hb6821b0df04642ac875122527949051ei.jpg,https://ae04.alicdn.com/kf/H3fa4fa98d5d54542b20a42485730f235N.jpg,",https://www.aliexpress.com/item/1005002123600801.html,33.98,,8.00%,2098-12-31,null%,https://s.click.aliexpress.com/e/_AdkGwW
Women's Shoes,200133142,Boots Female 2020 Genuine Leather Women Booties Lace Up White winter women shoes Non-slip girl Martin boots,1005002123765141,https://ae01.alicdn.com/kf/H0a820cad2ce14ee8aa1073c288bbc7a5G/Boots-Female-2020-Genuine-Leather-Women-Booties-Lace-Up-White-winter-women-shoes-Non-slip-girl.jpg_220x220.jpg,"https://ae04.alicdn.com/kf/H0a820cad2ce14ee8aa1073c288bbc7a5G.jpg,https://ae04.alicdn.com/kf/H177fabaee6934fc8aec8e373dc92512dB.jpg,https://ae04.alicdn.com/kf/H179185d392c542f99bffe2c9e0360188i.jpg,https://ae04.alicdn.com/kf/H4187650a6530415cad58c5884f49f800w.jpg,https://ae04.alicdn.com/kf/H4b1733a7e1364253ada5b66f5e3a2025d.jpg,",https://www.aliexpress.com/item/1005002123765141.html,39.97,,8.00%,2098-12-31,null%,https://s.click.aliexpress.com/e/_9xd5MA
Women's Shoes,200133142,Winter Boots Women Genuine Leather New Wool Warm Non-slip Ladies Ankle Boots Plus Size 41 42 43 Snow Boots Women,1005002123785009,https://ae01.alicdn.com/kf/H5b8517a311854b14821ebfcbafab33452/Winter-Boots-Women-Genuine-Leather-New-Wool-Warm-Non-slip-Ladies-Ankle-Boots-Plus-Size-41.jpg_220x220.jpg,"https://ae04.alicdn.com/kf/H5b8517a311854b14821ebfcbafab33452.jpg,https://ae04.alicdn.com/kf/H095e918ecc104671bd5427e9b4134442D.jpg,https://ae04.alicdn.com/kf/Hb4d76d31d4d04b47aa21b84cada782977.jpg,https://ae04.alicdn.com/kf/H9f8f7a952e1a48bcab98ad84c5f29560J.jpg,https://ae04.alicdn.com/kf/H45a8563816464c089e861a403dec466cH.jpg,",https://www.aliexpress.com/item/1005002123785009.html,44.22,,8.00%,2098-12-31,null%,https://s.click.aliexpress.com/e/_AOv22I
Women's Shoes,200133142,Fashion Zipper Flat Shoes Woman High Heel Platform PU Leather Boots Lace up Women Shoes Ankle Boots Girls 35-40,1005002123615543,https://ae01.alicdn.com/kf/Hb59f983810df40339f041e9ab1a54c03n/Fashion-Zipper-Flat-Shoes-Woman-High-Heel-Platform-PU-Leather-Boots-Lace-up-Women-Shoes-Ankle.jpg_220x220.jpg,"https://ae04.alicdn.com/kf/Hb59f983810df40339f041e9ab1a54c03n.jpg,https://ae04.alicdn.com/kf/H46571c241b9f43f896a3f57eef705d321.jpg,https://ae04.alicdn.com/kf/H1b99c0f34bd447dfbb97c8c685725f7dc.jpg,https://ae04.alicdn.com/kf/H09b726ec58304bcaa00b2efaf5a7158fA.jpg,https://ae04.alicdn.com/kf/H5207f6c4bb4349eba8349b089150ba6d8.jpg,",https://www.aliexpress.com/item/1005002123615543.html,24.89,,8.00%,2098-12-31,null%,https://s.click.aliexpress.com/e/_9Gz85G
Women's Shoes,200133142,Women ankle boots cowhide upper shoes autumn and winter ladies boots long boots Elastic boots short boots snow boots,1005002123673355,https://ae01.alicdn.com/kf/H229b9a48fc7a4d37b3de733d3a13a1725/Women-ankle-boots-cowhide-upper-shoes-autumn-and-winter-ladies-boots-long-boots-Elastic-boots-short.jpg_220x220.jpg,"https://ae04.alicdn.com/kf/H229b9a48fc7a4d37b3de733d3a13a1725.jpg,https://ae04.alicdn.com/kf/H37fed878f2524e2bb55cf2e1237a0d10D.jpg,https://ae04.alicdn.com/kf/H0c426545c50b41f1a8f61e0ea9dce21dC.jpg,https://ae04.alicdn.com/kf/H799e2b15c3a448cf80eb7b0e6f3aa28f6.jpg,https://ae04.alicdn.com/kf/H7ea4a40ab3bc4b42a8f456df8f00399fC.jpg,",https://www.aliexpress.com/item/1005002123673355.html,63.88,,8.00%,2098-12-31,null%,https://s.click.aliexpress.com/e/_9zBlj8
Women's Shoes,200133142,women ankle boots plus size 22-26.5cm length Fashionable women's shoes Two-color stitching boots women antumn and winter,1005002123717111,https://ae01.alicdn.com/kf/Hd09173cde9a84d208853e1723f64657a4/women-ankle-boots-plus-size-22-26-5cm-length-Fashionable-women-s-shoes-Two-color-stitching.jpg_220x220.jpg,"https://ae04.alicdn.com/kf/Hd09173cde9a84d208853e1723f64657a4.jpg,https://ae04.alicdn.com/kf/Hd3f8fec36453499091bf8e6632789c82a.jpg,https://ae04.alicdn.com/kf/Hba86a7e448f24c849c074a4dd4bd03dct.jpg,https://ae04.alicdn.com/kf/Hc6a004510a2441599070beab7309f1aaf.jpg,https://ae04.alicdn.com/kf/He33c7616ffcc4a198064db7b6b785158q.jpg,",https://www.aliexpress.com/item/1005002123717111.html,39.51,,8.00%,2098-12-31,null%,https://s.click.aliexpress.com/e/_AkYsyE
Women's Shoes,200133142,Women ankle boots cowhide upper shoes autumn and winter ladies boots Vintage front zipper short boots snow boots,1005002123651332,https://ae01.alicdn.com/kf/Hf20a53fa46b944dbb56986df5ad5f194G/Women-ankle-boots-cowhide-upper-shoes-autumn-and-winter-ladies-boots-Vintage-front-zipper-short-boots.jpg_220x220.jpg,"https://ae04.alicdn.com/kf/Hf20a53fa46b944dbb56986df5ad5f194G.jpg,https://ae04.alicdn.com/kf/Hef81774b20e441d08b5986ac9e274d9ar.jpg,https://ae04.alicdn.com/kf/H0f96676d5c0e466c9d6bfb68411c46cfx.jpg,https://ae04.alicdn.com/kf/He4b8888fdfc345118560521b3cd12ae6u.jpg,https://ae04.alicdn.com/kf/He41aab283e59436f85b09c2597b06669E.jpg,",https://www.aliexpress.com/item/1005002123651332.html,70.05,,8.00%,2098-12-31,null%,https://s.click.aliexpress.com/e/_AX8fnc
Women's Shoes,200133142,Martin Boots Locomotive Mid-tube Short Boots Genuine Leather Short Boots Rubber British Style Retro Autumn and Winter Female,1005002123558640,https://ae01.alicdn.com/kf/H4ccc0770a8d74e2c868d70bc2fec43843/Martin-Boots-Locomotive-Mid-tube-Short-Boots-Genuine-Leather-Short-Boots-Rubber-British-Style-Retro-Autumn.jpg_220x220.jpg,"https://ae04.alicdn.com/kf/H4ccc0770a8d74e2c868d70bc2fec43843.jpg,https://ae04.alicdn.com/kf/H88e93634c18b482aad20598aaec2abb2Z.jpg,https://ae04.alicdn.com/kf/H65c70cfd541f408f9d21bccb954bc15ft.jpg,https://ae04.alicdn.com/kf/Hc8af9264ce7b46f6babe7b2b2c17594er.jpg,https://ae04.alicdn.com/kf/H1138a547417541d3922ad8453d46b3fcU.jpg,",https://www.aliexpress.com/item/1005002123558640.html,51.15,,8.00%,2098-12-31,null%,https://s.click.aliexpress.com/e/_A0pll0
Women's Shoes,200133142,Autumn Winter Cotton Slippers Fur Dog Home Warm Thick Bottom Indoor Cotton Shoes Womens Slippers Cute Fluffy Cat Slippers,1005002123526656,https://ae01.alicdn.com/kf/He7dbf02cfbe041309adb04cb1c89c8f13/Autumn-Winter-Cotton-Slippers-Fur-Dog-Home-Warm-Thick-Bottom-Indoor-Cotton-Shoes-Womens-Slippers-Cute.jpg_220x220.jpg,"https://ae04.alicdn.com/kf/He7dbf02cfbe041309adb04cb1c89c8f13.jpg,https://ae04.alicdn.com/kf/H8ef5c73dade848d0a9115ba067e0d852T.jpg,https://ae04.alicdn.com/kf/H1d8c2b1bbcc64e7ab53f774b0d06169aX.jpg,https://ae04.alicdn.com/kf/H13eca260985745e1bf85999b9e1cc2e6t.jpg,https://ae04.alicdn.com/kf/Hb0632dc656c5496293853c952ee71219X.jpg,",https://www.aliexpress.com/item/1005002123526656.html,11.97,,8.00%,2098-12-31,null%,https://s.click.aliexpress.com/e/_A9is5y
Women's Shoes,200133142,2020 Women Furry Slippers Ladies Cute Plush Fox Hair Fluffy Sandals Women's Fur Slippers Winter Warm Slippers for Women Hot,1005002123627285,https://ae01.alicdn.com/kf/H8670acf3907f4dedbeccbc5ab24b9b68E/2020-Women-Furry-Slippers-Ladies-Cute-Plush-Fox-Hair-Fluffy-Sandals-Women-s-Fur-Slippers-Winter.jpg_220x220.jpg,"https://ae04.alicdn.com/kf/H8670acf3907f4dedbeccbc5ab24b9b68E.jpg,https://ae04.alicdn.com/kf/H41af7007ffba4d9a82d67a22aa159745E.jpg,https://ae04.alicdn.com/kf/H86776476dde949ee84a9343a5aa6ef974.jpg,https://ae04.alicdn.com/kf/H471fdbb5772f4095bed881cfcaee71fcv.jpg,https://ae04.alicdn.com/kf/Hb61d70c1144d49f3bd3707057d48b652N.jpg,",https://www.aliexpress.com/item/1005002123627285.html,9.51,,8.00%,2098-12-31,null%,https://s.click.aliexpress.com/e/_AdIisw
Women's Shoes,200133142,Fashion Slippers Ladies Plush Flat with Non-slip Woman Slipper 2020 Comfortable Cute Indoor Warm Winter Love Heart Cotton Flock,1005002123489777,https://ae01.alicdn.com/kf/H889cc55061d94c7884bbe4d4bad4dabfC/Fashion-Slippers-Ladies-Plush-Flat-with-Non-slip-Woman-Slipper-2020-Comfortable-Cute-Indoor-Warm-Winter.jpg_220x220.jpg,"https://ae04.alicdn.com/kf/H889cc55061d94c7884bbe4d4bad4dabfC.jpg,https://ae04.alicdn.com/kf/Hf654c118301f4cb0ba743a47d034d783a.jpg,https://ae04.alicdn.com/kf/H9d99bc11490248648449c1a06a9439e8s.jpg,https://ae04.alicdn.com/kf/H02b6def9dced45b0ab1ad46a4815f193c.jpg,https://ae04.alicdn.com/kf/Hf82429f7e4c644569db98de1b7801654J.jpg,",https://www.aliexpress.com/item/1005002123489777.html,9.31,,8.00%,2098-12-31,null%,https://s.click.aliexpress.com/e/_AKFUeW
Women's Shoes,200133142,Women Home Slippers Fall Winter Warm Slippers Slip on Flats Slides Female Faux Fur Slippers 36-45 Cotton Plush Slipper,1005002123562453,https://ae01.alicdn.com/kf/Habd4ce70abf84b6ead1093cee2a1ab69n/Women-Home-Slippers-Fall-Winter-Warm-Slippers-Slip-on-Flats-Slides-Female-Faux-Fur-Slippers-36.jpg_220x220.jpg,"https://ae04.alicdn.com/kf/Habd4ce70abf84b6ead1093cee2a1ab69n.jpg,https://ae04.alicdn.com/kf/Hde2566d075184c8f9eb9f9328af1243dW.jpg,https://ae04.alicdn.com/kf/H247fa7f62a794b7ebaf42955eef123a13.jpg,https://ae04.alicdn.com/kf/Hce67b3c0caaa4f38a38a723c31bbc017D.jpg,https://ae04.alicdn.com/kf/Hdbb26043022c4ebb875aebb87c1dfc6c3.jpg,",https://www.aliexpress.com/item/1005002123562453.html,7.59,,8.00%,2098-12-31,null%,https://s.click.aliexpress.com/e/_9gnQDU
Women's Shoes,200133142,Women Home Slippers Winter Warm Shoes Woman Slip on Flats Slides Female Faux Fur Slippers Women Shoes Closed Toe,1005002123613187,https://ae01.alicdn.com/kf/H76522fd9ba9448caa17dd72d26983d38C/Women-Home-Slippers-Winter-Warm-Shoes-Woman-Slip-on-Flats-Slides-Female-Faux-Fur-Slippers-Women.jpg_220x220.jpg,"https://ae04.alicdn.com/kf/H76522fd9ba9448caa17dd72d26983d38C.jpg,https://ae04.alicdn.com/kf/Hcff506c111714ccb8b826ada5d5eef50d.jpg,https://ae04.alicdn.com/kf/H3929bd9ec9184bd69b025f6131fbc893C.jpg,https://ae04.alicdn.com/kf/H8d13b14cfe3341c8a5366893003d18c87.jpg,https://ae04.alicdn.com/kf/H36df629cb43d4f8d822cc59baf7d2fa5C.jpg,",https://www.aliexpress.com/item/1005002123613187.html,7.47,,8.00%,2098-12-31,null%,https://s.click.aliexpress.com/e/_AeSfHo
Women's Shoes,200133142,2021 New Spring Women Running Shoes Breathable Couples Sock Sport Sneakers Women Lace Up Walking Shoes Outdoor Footwear WSH3793,1005002123520496,https://ae01.alicdn.com/kf/H4fd7f3edf1d74af3b64fc1749de4abebP/2021-New-Spring-Women-Running-Shoes-Breathable-Couples-Sock-Sport-Sneakers-Women-Lace-Up-Walking-Shoes.jpg_220x220.jpg,"https://ae04.alicdn.com/kf/H4fd7f3edf1d74af3b64fc1749de4abebP.jpg,https://ae04.alicdn.com/kf/Ha8f48521b148490c9d8efc7040f1d044B.jpg,https://ae04.alicdn.com/kf/Hd3ec30a0f35044b7ab182c75e6c584999.jpg,https://ae04.alicdn.com/kf/H419b99679a8a4da1af537b417e62309bN.jpg,https://ae04.alicdn.com/kf/H357b5c0ca9c249b39e05d8d54d329eefF.jpg,",https://www.aliexpress.com/item/1005002123520496.html,19.99,,8.00%,2098-12-31,null%,https://s.click.aliexpress.com/e/_AXahgA
Women's Shoes,200133142,2020 Spring New Korean Slip on Shoes for Women Flats Shoes Women White Blue Canvas Shoes High-top Casual Shoes,1005002123563330,https://ae01.alicdn.com/kf/H8e874ec1afeb48b38c5e87b01646d469A/2020-Spring-New-Korean-Slip-on-Shoes-for-Women-Flats-Shoes-Women-White-Blue-Canvas-Shoes.jpg_220x220.jpg,"https://ae04.alicdn.com/kf/H8e874ec1afeb48b38c5e87b01646d469A.jpg,https://ae04.alicdn.com/kf/Hcc1d790d8b8445f2b50370a71d06c8fbF.jpg,https://ae04.alicdn.com/kf/Hf5385bd23b85443786ddb4b11687f71b6.jpg,https://ae04.alicdn.com/kf/H9db66b312dad4aa388fd00f743cdc5d1d.jpg,https://ae04.alicdn.com/kf/H6aa2b792b0d4493a89e4bbe78e24d4a4S.jpg,",https://www.aliexpress.com/item/1005002123563330.html,18.97,,8.00%,2098-12-31,null%,https://s.click.aliexpress.com/e/_9I5XoO
Women's Shoes,200133142,Women's Mesh Breathable Platform Sneakers 2020 Fashion Women Chunky Shoes Ladies Trainers Footwear,1005002123388888,https://ae01.alicdn.com/kf/Hd519dac16df14e558f77cc1e4ef57251F/Women-s-Mesh-Breathable-Platform-Sneakers-2020-Fashion-Women-Chunky-Shoes-Ladies-Trainers-Footwear.jpg_220x220.jpg,"https://ae04.alicdn.com/kf/Hd519dac16df14e558f77cc1e4ef57251F.jpg,https://ae04.alicdn.com/kf/Hbd6a3921b7ce4958bc63f157ec52f86aG.jpg,https://ae04.alicdn.com/kf/Hcea2867aaf734873a807e9eac320cba4C.jpg,https://ae04.alicdn.com/kf/H9e0c02e8966f4ef3b224a35e036005cbH.jpg,https://ae04.alicdn.com/kf/H8bcbad405c934e5b9376bec5566450d1i.jpg,",https://www.aliexpress.com/item/1005002123388888.html,32.97,,8.00%,2098-12-31,null%,https://s.click.aliexpress.com/e/_A0xEZG
Women's Shoes,200133142,Plus Size 47 Women's Sock Sneakers Knit Breathable Women Men Shoes 2019 Fashion Woman Chunky Trainers Lady black White,1005002123624001,https://ae01.alicdn.com/kf/H7adc9ebedbc740c9ae1c6f12235bf1adr/Plus-Size-47-Women-s-Sock-Sneakers-Knit-Breathable-Women-Men-Shoes-2019-Fashion-Woman-Chunky.jpg_220x220.jpg,"https://ae04.alicdn.com/kf/H7adc9ebedbc740c9ae1c6f12235bf1adr.jpg,https://ae04.alicdn.com/kf/He4c5aafed7a0444b82a3cfb59ea716d7j.jpg,https://ae04.alicdn.com/kf/H5dd2ea647a3f4bb98d57802115f8cc14i.jpg,https://ae04.alicdn.com/kf/H40f8fa1e5ffc4e0bb397697c8dc6d508T.jpg,https://ae04.alicdn.com/kf/H16e32d3c3c6e488d9fc6067ba5c8f17ce.jpg,",https://www.aliexpress.com/item/1005002123624001.html,25.89,,8.00%,2098-12-31,null%,https://s.click.aliexpress.com/e/_AEW0Vk
Women's Shoes,200133142,Women PU Leather Shoes Women's Flat Shoes Lace up Sneakers Sewing Platform Female Footwear Casual Walking Shoe Autumn 2020,1005002123511406,https://ae01.alicdn.com/kf/H4cbacb5932544152af3cb07a14d3d8f0q/Women-PU-Leather-Shoes-Women-s-Flat-Shoes-Lace-up-Sneakers-Sewing-Platform-Female-Footwear-Casual.jpg_220x220.jpg,"https://ae04.alicdn.com/kf/H4cbacb5932544152af3cb07a14d3d8f0q.jpg,https://ae04.alicdn.com/kf/Heffcac86e8864c4fac16736d18252c34e.jpg,https://ae04.alicdn.com/kf/Hdb5278b0d23f424d933bf23a04493e31v.jpg,https://ae04.alicdn.com/kf/H61f0de3563074fcd80fb7ff05fa99746v.jpg,https://ae04.alicdn.com/kf/Hccfb3ad697184f6db8bf186e06685d979.jpg,",https://www.aliexpress.com/item/1005002123511406.html,10.90,,8.00%,2098-12-31,null%,https://s.click.aliexpress.com/e/_AV6IIe
Women's Shoes,200133142,2021 Women Sneakers Flats Loafers Sweet Shallow Comfort Moccasins Slip-on PU Platform Ballet Ladies Vulcanized Shoes New,1005002123480496,https://ae01.alicdn.com/kf/H962d78a25bc1419fbd3eed8355ad6acdn/2021-Women-Sneakers-Flats-Loafers-Sweet-Shallow-Comfort-Moccasins-Slip-on-PU-Platform-Ballet-Ladies-Vulcanized.jpg_220x220.jpg,"https://ae04.alicdn.com/kf/H962d78a25bc1419fbd3eed8355ad6acdn.jpg,https://ae04.alicdn.com/kf/H64cc00fc5c8f46259114e3f9013269b61.jpg,https://ae04.alicdn.com/kf/H44793d404f2544de80e91d9b784b84d6h.jpg,https://ae04.alicdn.com/kf/H3d10314d080a4201825a78ef6c5bf135X.jpg,https://ae04.alicdn.com/kf/H6b0579f577f4436f803f96606c7a9a78r.jpg,",https://www.aliexpress.com/item/1005002123480496.html,17.42,,8.00%,2098-12-31,null%,https://s.click.aliexpress.com/e/_9xf2vc
Women's Shoes,200133142,2020 Autumn Women Flat Platform Sneakers for Women Breathable Mesh Sneakers Shoes Spring Ladies Laces for Sock Sneakers,1005002123337925,https://ae01.alicdn.com/kf/H2301066dda264462af46c03b8a668159P/2020-Autumn-Women-Flat-Platform-Sneakers-for-Women-Breathable-Mesh-Sneakers-Shoes-Spring-Ladies-Laces-for.jpg_220x220.jpg,"https://ae04.alicdn.com/kf/H2301066dda264462af46c03b8a668159P.jpg,https://ae04.alicdn.com/kf/H2edfec2f613146baa4a071dfca4e8b4cL.jpg,https://ae04.alicdn.com/kf/Hae1ae9f23df44583a196002eee535cc3Z.jpg,https://ae04.alicdn.com/kf/Hef6ef05eb6f445129754771c3da14c74m.jpg,https://ae04.alicdn.com/kf/H2a5642d6f364486bbbf9c8ebff067341d.jpg,",https://www.aliexpress.com/item/1005002123337925.html,15.45,,8.00%,2098-12-31,null%,https://s.click.aliexpress.com/e/_A2ccWA
Women's Shoes,200133142,2020 Spring Autumn Women's fashion Pumps shoes woman genuine leather wedge single casual shoes mother high heels shoesE175,1005002123498327,https://ae01.alicdn.com/kf/H11d91dfcf8674ce39e3e53883e4aeff5E/2020-Spring-Autumn-Women-s-fashion-Pumps-shoes-woman-genuine-leather-wedge-single-casual-shoes-mother.jpg_220x220.jpg,"https://ae04.alicdn.com/kf/H11d91dfcf8674ce39e3e53883e4aeff5E.jpg,https://ae04.alicdn.com/kf/H62d60e1637484b36ade8e4ec5ad3ff87f.jpg,https://ae04.alicdn.com/kf/H507804c8b2394436bacef5b30d7e1280A.jpg,https://ae04.alicdn.com/kf/H91852420e3464dc885cd36b51cbbb28fu.jpg,https://ae04.alicdn.com/kf/Hf042d595e14540059fda64075acf4dd3l.jpg,",https://www.aliexpress.com/item/1005002123498327.html,15.37,,8.00%,2098-12-31,null%,https://s.click.aliexpress.com/e/_9Audmw
Women's Shoes,200133142,women Genuine Leather shoes cow leather Sheep suede spike heels pointed toe women pumps professional  office career,1005002123427518,https://ae01.alicdn.com/kf/Ha8a11c9d2dc34d9eb7c9c46cad720416s/women-Genuine-Leather-shoes-cow-leather-Sheep-suede-spike-heels-pointed-toe-women-pumps-professional-office.jpg_220x220.jpg,"https://ae04.alicdn.com/kf/Ha8a11c9d2dc34d9eb7c9c46cad720416s.jpg,https://ae04.alicdn.com/kf/H3b8e07bd48944bc5836b06ab5aab2f99U.jpg,https://ae04.alicdn.com/kf/H5b126f179eb04d74abe413d9955270b7B.jpg,https://ae04.alicdn.com/kf/H6efb4d76b8e04717a79a240b04ec729fJ.jpg,https://ae04.alicdn.com/kf/Ha1a405661dcc4c71b334236b8d971182r.jpg,",https://www.aliexpress.com/item/1005002123427518.html,35.57,,8.00%,2098-12-31,null%,https://s.click.aliexpress.com/e/_AFyLPG
Women's Shoes,200133142,Woman Sneakers Winter Women Vulcanize Shoes Waterproof Women Sneakers Casual Shoes Chunky Sneakers Platform Loafer Plus Size,1005002122973512,https://ae01.alicdn.com/kf/H550d08fe910d458fb35221cc8917c179R/Woman-Sneakers-Winter-Women-Vulcanize-Shoes-Waterproof-Women-Sneakers-Casual-Shoes-Chunky-Sneakers-Platform-Loafer-Plus.jpg_220x220.jpg,"https://ae04.alicdn.com/kf/H550d08fe910d458fb35221cc8917c179R.jpg,https://ae04.alicdn.com/kf/Hd3d1a12f8cfb429381b3898ee8fef831i.jpg,https://ae04.alicdn.com/kf/Hb609f25d73d84629b8f0f4d6b0aa8fd4F.jpg,https://ae04.alicdn.com/kf/Hf2d2a72fb29e44f99bdc1f0a6bed7357q.jpg,https://ae04.alicdn.com/kf/H9db039434a5f4960aa5a31a7c08e7e2fF.jpg,",https://www.aliexpress.com/item/1005002122973512.html,6.90,,8.00%,2098-12-31,null%,https://s.click.aliexpress.com/e/_AF2Ob0
Women's Shoes,200133142,Women Leather Mid Calf Boots Retro Punk Lace-Up Low Heels Autumn Winter Motorcycle Boots Vintage Round Toe Cowboy Western Boots,1005002123000220,https://ae01.alicdn.com/kf/He41ceda8ed694540843b8ffde48810da2/Women-Leather-Mid-Calf-Boots-Retro-Punk-Lace-Up-Low-Heels-Autumn-Winter-Motorcycle-Boots-Vintage.jpg_220x220.jpg,"https://ae04.alicdn.com/kf/He41ceda8ed694540843b8ffde48810da2.jpg,https://ae04.alicdn.com/kf/H190cf1e250aa49aab32811b8fcb59e2dw.jpg,https://ae04.alicdn.com/kf/H2a4e11ce051e4f76b031b3d777c25076a.jpg,https://ae04.alicdn.com/kf/H4c212ef2a3f24645ae3919d5d8bac0e7Z.jpg,https://ae04.alicdn.com/kf/H92fdaf1dad694ca8b5f4e16342094ee57.jpg,",https://www.aliexpress.com/item/1005002123000220.html,20.17,,8.00%,2098-12-31,null%,https://s.click.aliexpress.com/e/_AWqG4K
Women's Shoes,200133142,ClassicFashion snow boots warm fur women boots ankle boots winter boots for women winter shoes women shoes women boots,1005002122923406,https://ae01.alicdn.com/kf/Hd136b576c29b4dc2b8b6f93750281d20q/ClassicFashion-snow-boots-warm-fur-women-boots-ankle-boots-winter-boots-for-women-winter-shoes-women.jpg_220x220.jpg,"https://ae04.alicdn.com/kf/Hd136b576c29b4dc2b8b6f93750281d20q.jpg,https://ae04.alicdn.com/kf/H755f88957fd947e9a8f9eee39a75b1f0Q.jpg,https://ae04.alicdn.com/kf/H8545c35dc48546c0b421bf842f1ce3a89.jpg,https://ae04.alicdn.com/kf/H0ac16e5f7a374d409a7ec14ca539da99S.jpg,https://ae04.alicdn.com/kf/H6c8587793e0042f48771b39906ece6c2x.jpg,",https://www.aliexpress.com/item/1005002122923406.html,12.47,,8.00%,2098-12-31,null%,https://s.click.aliexpress.com/e/_9yLors
Women's Shoes,200133142,Woman Boots Women Shoes Ladies Thick Fur Ankle Boots Women High Heel Platform Rubber Shoes Snow Boots jmi8,1005002122796774,https://ae01.alicdn.com/kf/H17375c41fee84bd890194f57c39a30a9Z/Woman-Boots-Women-Shoes-Ladies-Thick-Fur-Ankle-Boots-Women-High-Heel-Platform-Rubber-Shoes-Snow.jpg_220x220.jpg,"https://ae04.alicdn.com/kf/H17375c41fee84bd890194f57c39a30a9Z.jpg,https://ae04.alicdn.com/kf/H411d96f53a2f41f6a0f162486b7a850cn.jpg,https://ae04.alicdn.com/kf/H54058e0759ad4abf875f0d0745e35937E.jpg,",https://www.aliexpress.com/item/1005002122796774.html,4.93,,8.00%,2098-12-31,null%,https://s.click.aliexpress.com/e/_ApsBEK
Women's Shoes,200133142,oymlg 2020 Women's High Heels Sexy Bride Party mid Heel Pointed toe Shallow mouth High Heel Shoes Women shoes big size 35-43,1005002122740960,https://ae01.alicdn.com/kf/H24258de3570b45398e97e87b9eb91803A/oymlg-2020-Women-s-High-Heels-Sexy-Bride-Party-mid-Heel-Pointed-toe-Shallow-mouth-High.jpg_220x220.jpg,"https://ae04.alicdn.com/kf/H24258de3570b45398e97e87b9eb91803A.jpg,https://ae04.alicdn.com/kf/Hf09a88d8cb91448c93e0a4f8b512a821A.jpg,https://ae04.alicdn.com/kf/H889f4d966a834eda8856d12f4aad0aaa1.jpg,https://ae04.alicdn.com/kf/H9fa87d1588f44bc89b8c29ea7dc3e5339.jpg,https://ae04.alicdn.com/kf/H3b9770ce9413426b8ce80f61b4a23749R.jpg,",https://www.aliexpress.com/item/1005002122740960.html,9.85,,8.00%,2098-12-31,null%,https://s.click.aliexpress.com/e/_AsD79Y
Women's Shoes,200133142,New Winter Women Boots Casual Warm Fur Mid-Calf Boots shoes Women Slip-On Round Toe wedges Snow Boots shoes Muje Plus size 42,1005002122746261,https://ae01.alicdn.com/kf/Hdba69baf81de42669526ac46c33014c14/New-Winter-Women-Boots-Casual-Warm-Fur-Mid-Calf-Boots-shoes-Women-Slip-On-Round-Toe.jpg_220x220.jpg,"https://ae04.alicdn.com/kf/Hdba69baf81de42669526ac46c33014c14.jpg,https://ae04.alicdn.com/kf/Hcbbf8534c9fc43c288df5fb542633a2fZ.jpg,https://ae04.alicdn.com/kf/Hca8911fcef564b23bb24109b9fd01ebed.jpg,https://ae04.alicdn.com/kf/H6b74530ab2f4409c9f4de05854672115E.jpg,https://ae04.alicdn.com/kf/Hcdc25e8c77754ffcba0029cf405bee9bd.jpg,",https://www.aliexpress.com/item/1005002122746261.html,11.28,,8.00%,2098-12-31,null%,https://s.click.aliexpress.com/e/_9AmBgW
Women's Shoes,200133142,Women winter boots antiskid plus velvet warm snow boots women shoes christmas deer brand fashion style Waterproof women boots,1005002122541920,https://ae01.alicdn.com/kf/Hf51c305603fd4e019966998ebffb32ce9/Women-winter-boots-antiskid-plus-velvet-warm-snow-boots-women-shoes-christmas-deer-brand-fashion-style.jpg_220x220.jpg,"https://ae04.alicdn.com/kf/Hf51c305603fd4e019966998ebffb32ce9.jpg,https://ae04.alicdn.com/kf/Hc08f23050f92460a87827cbdb76983e65.jpg,https://ae04.alicdn.com/kf/H5ecd9b1daeda4efd8f44feaa1167104dW.jpg,https://ae04.alicdn.com/kf/H217bcfd4858f4fcba84f6b61b1647b3d6.jpg,https://ae04.alicdn.com/kf/H5c159407518940d89810b4de5698624bY.jpg,",https://www.aliexpress.com/item/1005002122541920.html,23.00,,8.00%,2098-12-31,null%,https://s.click.aliexpress.com/e/_AbGvRy
Women's Shoes,200133142,Creepers casual shoes woman plus size sneakers women shoes ladies platform shoes 2020 Lace-up Women Flats Female shoes loafers,1005002122536832,https://ae01.alicdn.com/kf/H92948f6a2d82471881adfb2a54555ea80/Creepers-casual-shoes-woman-plus-size-sneakers-women-shoes-ladies-platform-shoes-2020-Lace-up-Women.jpg_220x220.jpg,"https://ae04.alicdn.com/kf/H92948f6a2d82471881adfb2a54555ea80.jpg,https://ae04.alicdn.com/kf/Had2bab30aa3f4ac9af89260588ca6b71J.jpg,https://ae04.alicdn.com/kf/H4537f5bc1bf3431fbb7065ddc99b9d73D.jpg,",https://www.aliexpress.com/item/1005002122536832.html,11.94,,8.00%,2098-12-31,null%,https://s.click.aliexpress.com/e/_A8MNL4
Women's Shoes,200133142,Women snow boots platform winter boots thick plush waterproof non-slip boots women winter shoes botas mujer,1005002122645350,https://ae01.alicdn.com/kf/Hf70d61531d6c441ca04a95f40e5a9bedN/Women-snow-boots-platform-winter-boots-thick-plush-waterproof-non-slip-boots-women-winter-shoes-botas.jpg_220x220.jpg,"https://ae04.alicdn.com/kf/Hf70d61531d6c441ca04a95f40e5a9bedN.jpg,https://ae04.alicdn.com/kf/Hf0b01f33e19140a38dfc867603535c6cz.jpg,https://ae04.alicdn.com/kf/Hc4590c9713704836b195995923249ca5E.jpg,https://ae04.alicdn.com/kf/H42f9aaa9f1614c5b9c6828d255f6dae2D.jpg,https://ae04.alicdn.com/kf/H1d82928152e74eef92cdfefb8502b73df.jpg,",https://www.aliexpress.com/item/1005002122645350.html,13.22,,8.00%,2098-12-31,null%,https://s.click.aliexpress.com/e/_Ac0JO2
Women's Shoes,200133142,Winter Knee High Boot Women Mid Calf Boots Natural Genuine Leather Platform Motorcycle Boots Zipper Ladies Long Botas Mujer 2020,1005002122240434,https://ae01.alicdn.com/kf/H615e578ffe8c40219b5642ff3ebe4fe1g/Winter-Knee-High-Boot-Women-Mid-Calf-Boots-Natural-Genuine-Leather-Platform-Motorcycle-Boots-Zipper-Ladies.jpg_220x220.jpg,"https://ae04.alicdn.com/kf/H615e578ffe8c40219b5642ff3ebe4fe1g.jpg,https://ae04.alicdn.com/kf/Hb6804b6b9ab8494489f3a2e95ef2b442s.jpg,https://ae04.alicdn.com/kf/H32e3e29e549349e88323fdefcb195c05C.jpg,https://ae04.alicdn.com/kf/H3a525a2cdb084a88967bfe98d021f3a4h.jpg,https://ae04.alicdn.com/kf/H9ea20bc712d24c2397226542cce7a391x.jpg,",https://www.aliexpress.com/item/1005002122240434.html,14.05,,8.00%,2098-12-31,null%,https://s.click.aliexpress.com/e/_APVnfk
Women's Shoes,200133142,Women Boots Waterproof Snow Boots Female Plush Winter Boots Women Warm Ankle Botas Mujer Winter Shoes Woman Plus Size 43,1005002122080932,https://ae01.alicdn.com/kf/Hcfcc6772db3642dc8cbfa0ef0deda18dz/Women-Boots-Waterproof-Snow-Boots-Female-Plush-Winter-Boots-Women-Warm-Ankle-Botas-Mujer-Winter-Shoes.jpg_220x220.jpg,"https://ae04.alicdn.com/kf/Hcfcc6772db3642dc8cbfa0ef0deda18dz.jpg,https://ae04.alicdn.com/kf/Hfa64fd6d1438457bad5df49bbf3f2d98M.jpg,https://ae04.alicdn.com/kf/Ha14c1f9e4a254c7aa04ce6053f876b5c7.jpg,https://ae04.alicdn.com/kf/H0db1b4ba8fc24903933b69b42daa86b5M.jpg,https://ae04.alicdn.com/kf/H589fc8f78d3841b784e4fceb405bbbd9G.jpg,",https://www.aliexpress.com/item/1005002122080932.html,8.45,,8.00%,2098-12-31,null%,https://s.click.aliexpress.com/e/_9HZZiE
Women's Shoes,200133142,Winter 2018 Korean version joker leisure fashion new women's shoes vintage British style student flat short boots,1005002122091893,https://ae01.alicdn.com/kf/H172fd41469b14f47ab97b0c3783a212bz/Winter-2018-Korean-version-joker-leisure-fashion-new-women-s-shoes-vintage-British-style-student-flat.jpg_220x220.jpg,"https://ae04.alicdn.com/kf/H172fd41469b14f47ab97b0c3783a212bz.jpg,https://ae04.alicdn.com/kf/H24466c088e1d46c7b5bc371916fa3b51q.jpg,https://ae04.alicdn.com/kf/H78f8e1b0c41044bb8503299562570f8bf.jpg,https://ae04.alicdn.com/kf/H5586c0f7b402481fa9b159f73f9e90ceV.jpg,https://ae04.alicdn.com/kf/H0a912c9119c849ab8f420e33fdc8b753w.jpg,",https://www.aliexpress.com/item/1005002122091893.html,19.50,,8.00%,2098-12-31,null%,https://s.click.aliexpress.com/e/_AtPWY2
Women's Shoes,200133142,Cotton Shoes Female New Women's Boots Winter Plus Velvet Cotton Shoes Thick-Soled Warm Snow Women's Boots Women's Cotton Boots,1005002126706501,https://ae01.alicdn.com/kf/H10c87e10c7be4dc9b0dfd132d0b057d0l/Cotton-Shoes-Female-New-Women-s-Boots-Winter-Plus-Velvet-Cotton-Shoes-Thick-Soled-Warm-Snow.jpg_220x220.jpg,"https://ae04.alicdn.com/kf/H10c87e10c7be4dc9b0dfd132d0b057d0l.jpg,https://ae04.alicdn.com/kf/Hb6ba0caf74734e62978073f0ee1a9450a.jpg,https://ae04.alicdn.com/kf/H5a5638971bfd440d9a0234d9c7179aa0s.jpg,https://ae04.alicdn.com/kf/H08709a564033463aa437230187f6e9871.jpg,https://ae04.alicdn.com/kf/H15d0d32fa15e4097a25a545f04f9c715z.jpg,",https://www.aliexpress.com/item/1005002126706501.html,5.25,,8.00%,2098-12-31,null%,https://s.click.aliexpress.com/e/_APEuaI
Women's Shoes,200133142,Women Knee-High Boots Winter Snow Boots Wedges Keep Warm Shoes for Women Tassel High Heel Boots Cotton-padded Knee High Boots,1005002126745399,https://ae01.alicdn.com/kf/H7e1c0c8094af4929acb9387745236039b/Women-Knee-High-Boots-Winter-Snow-Boots-Wedges-Keep-Warm-Shoes-for-Women-Tassel-High-Heel.jpg_220x220.jpg,"https://ae04.alicdn.com/kf/H7e1c0c8094af4929acb9387745236039b.jpg,https://ae04.alicdn.com/kf/Hf6d01408cd1f481db6ec593c4c048aecs.jpg,https://ae04.alicdn.com/kf/Hc936758483c54a98b10d42f412755015r.jpg,https://ae04.alicdn.com/kf/H14b05c84f70d465f81fa4a0a0c695df8f.jpg,https://ae04.alicdn.com/kf/Hf0f11879c522425a877c7cc44942874e8.jpg,",https://www.aliexpress.com/item/1005002126745399.html,17.44,,8.00%,2098-12-31,null%,https://s.click.aliexpress.com/e/_9Hn4dG
Women's Shoes,200133142,2020 Winter Boots Women Basic Ankle Boots Woman Round Toe Zip Platform Boot Female Shoes Warm Lace Up Boots Plush Botas Mujer,1005002126818180,https://ae01.alicdn.com/kf/Ha457659b3ca042729584d4535d72755fm/2020-Winter-Boots-Women-Basic-Ankle-Boots-Woman-Round-Toe-Zip-Platform-Boot-Female-Shoes-Warm.jpg_220x220.jpg,"https://ae04.alicdn.com/kf/Ha457659b3ca042729584d4535d72755fm.jpg,https://ae04.alicdn.com/kf/H65ca6820baf34fc7a6a161e43bbf40afj.jpg,https://ae04.alicdn.com/kf/H689417e93e8c4d4f9d86796cd55fd132H.jpg,https://ae04.alicdn.com/kf/Hcd8a42fe82bd439d811ca9e1453765a9c.jpg,https://ae04.alicdn.com/kf/H7e3110b85a6d44dcad95c2a3171cb919U.jpg,",https://www.aliexpress.com/item/1005002126818180.html,11.29,,8.00%,2098-12-31,null%,https://s.click.aliexpress.com/e/_AcgPm2
Women's Shoes,200133142,Women Ankle Boots High Heels Wedges Shoes Woman Booties Autumn Warm PU Leather Shoe Chaussures Femme Zapatos Mujer Sapato,1005002126737353,https://ae01.alicdn.com/kf/H4e4e1047caf84457b53f665ea7cbc5a4T/Women-Ankle-Boots-High-Heels-Wedges-Shoes-Woman-Booties-Autumn-Warm-PU-Leather-Shoe-Chaussures-Femme.jpg_220x220.jpg,"https://ae04.alicdn.com/kf/H4e4e1047caf84457b53f665ea7cbc5a4T.jpg,https://ae04.alicdn.com/kf/H7ed3f41caa1e490ab184837aa7808daan.jpg,https://ae04.alicdn.com/kf/H476bf43361884c73a77b7c856d575ba6i.jpg,https://ae04.alicdn.com/kf/Hf810e971ffef479cbf4c7071705236da8.jpg,https://ae04.alicdn.com/kf/H91e2b48237ab4bebbe38c4ca6ab96827t.jpg,",https://www.aliexpress.com/item/1005002126737353.html,11.20,,8.00%,2098-12-31,null%,https://s.click.aliexpress.com/e/_Ast3NY
Women's Shoes,200133142,Women Boots Waterproof Snow Boots Female Plush Winter Boots Women Warm Ankle Botas Mujer Winter Shoes Woman Plus Size 43,1005002126784212,https://ae01.alicdn.com/kf/H746c43938817403aad4135ebf252c8dcr/Women-Boots-Waterproof-Snow-Boots-Female-Plush-Winter-Boots-Women-Warm-Ankle-Botas-Mujer-Winter-Shoes.jpg_220x220.jpg,"https://ae04.alicdn.com/kf/H746c43938817403aad4135ebf252c8dcr.jpg,https://ae04.alicdn.com/kf/Hb7a4a907792146968927bb580917b1e5q.jpg,https://ae04.alicdn.com/kf/H09fe6568c2fa4cfd813caefbe8f09d17z.jpg,https://ae04.alicdn.com/kf/H45801eb84ef5443ea0170a60d00624c6m.jpg,https://ae04.alicdn.com/kf/Hc533566cfc2d455f9f22684fb048bc59B.jpg,",https://www.aliexpress.com/item/1005002126784212.html,10.86,,8.00%,2098-12-31,null%,https://s.click.aliexpress.com/e/_9AN90W
Women's Shoes,200133142,Women Boots Lightweight Winter Shoes Women Ankle Botas Mujer Waterpoor Snow Boots Female Slip On Casual Shoes Plush Footwear,1005002126812017,https://ae01.alicdn.com/kf/H2a697afd6aa14a1b8037d138c4ca5b9fo/Women-Boots-Lightweight-Winter-Shoes-Women-Ankle-Botas-Mujer-Waterpoor-Snow-Boots-Female-Slip-On-Casual.jpg_220x220.jpg,"https://ae04.alicdn.com/kf/H2a697afd6aa14a1b8037d138c4ca5b9fo.jpg,https://ae04.alicdn.com/kf/H5ca10874c30b4838919d89a69931bc7eG.jpg,https://ae04.alicdn.com/kf/H65ed438458f34ab1bb0a8409a4ab6e27D.jpg,https://ae04.alicdn.com/kf/Hcb80264d3e9548b4a48973992b5f264cg.jpg,https://ae04.alicdn.com/kf/H56bffae973354c31b2fa6465a64af086k.jpg,",https://www.aliexpress.com/item/1005002126812017.html,8.97,,8.00%,2098-12-31,null%,https://s.click.aliexpress.com/e/_9xQuZc
Women's Shoes,200133142,Shoes Woman Warm Fur Women Platform Boots Fashion Snow Boots Women's Winter Boots Warm Snow Footwear Winter Shoes Botines Mujer,1005002126744088,https://ae01.alicdn.com/kf/Hd3ed7192bac74285a5e2d2f8332bed230/Shoes-Woman-Warm-Fur-Women-Platform-Boots-Fashion-Snow-Boots-Women-s-Winter-Boots-Warm-Snow.jpg_220x220.jpg,"https://ae04.alicdn.com/kf/Hd3ed7192bac74285a5e2d2f8332bed230.jpg,https://ae04.alicdn.com/kf/H74c29692213c4ffab92b6ad11199f0f9A.jpg,https://ae04.alicdn.com/kf/Hd2c06e6e6e1e4970b9591ff0a52983e0n.jpg,https://ae04.alicdn.com/kf/H89360023789844a787c12e9d4ffea924z.jpg,https://ae04.alicdn.com/kf/H368c0adc85254877b6d7a1330c86ba9fA.jpg,",https://www.aliexpress.com/item/1005002126744088.html,9.00,,8.00%,2098-12-31,null%,https://s.click.aliexpress.com/e/_AUUT7M
Women's Shoes,200133142,Winter Boots Women Shoes Warm Print Snow Boots Furry Fur Velvet Cotton Cloth Cozy Ankle Boots Non-Slip Booties Elderly,1005002126686171,https://ae01.alicdn.com/kf/H887fc738b63042b7af8c576fea140f3ad/Winter-Boots-Women-Shoes-Warm-Print-Snow-Boots-Furry-Fur-Velvet-Cotton-Cloth-Cozy-Ankle-Boots.jpg_220x220.jpg,"https://ae04.alicdn.com/kf/H887fc738b63042b7af8c576fea140f3ad.jpg,https://ae04.alicdn.com/kf/Hbea041a8214c4be8ab146b2305b72a5cv.jpg,https://ae04.alicdn.com/kf/He56101c4ba4341b39d29d88bb23cdc8d6.jpg,https://ae04.alicdn.com/kf/H156dd750aef34b9c9298d28dcda77d88d.jpg,https://ae04.alicdn.com/kf/Hb97e311890bc4e65a12374272c82ff262.jpg,",https://www.aliexpress.com/item/1005002126686171.html,9.01,,8.00%,2098-12-31,null%,https://s.click.aliexpress.com/e/_9wYzAK
Women's Shoes,200133142,Women boots 2020 winter snow boots waterproof slip-resistant women winter shoes thick fur high quality warm boot,1005002126522605,https://ae01.alicdn.com/kf/H46078cf427724ddc89f192e3cd299aa3C/Women-boots-2020-winter-snow-boots-waterproof-slip-resistant-women-winter-shoes-thick-fur-high-quality.jpg_220x220.jpg,"https://ae04.alicdn.com/kf/H46078cf427724ddc89f192e3cd299aa3C.jpg,https://ae04.alicdn.com/kf/H4283584188f84eb3a9c7afea9893935df.jpg,https://ae04.alicdn.com/kf/He72d593939964a56af7829c413b75aaaP.jpg,https://ae04.alicdn.com/kf/H4551b600d98b47838276ad9ac0c31a546.jpg,https://ae04.alicdn.com/kf/Ha901b10a849b43d3b5964fe7c7e3de29H.jpg,",https://www.aliexpress.com/item/1005002126522605.html,19.03,,8.00%,2098-12-31,null%,https://s.click.aliexpress.com/e/_AOOwUS
Women's Shoes,200133142,2020 Women Autumn Winter White Black PU Leather Suede Boots Round Toe Lace Up Shoes Woman Fashion Motorcycle Platform Botas,1005002126398694,https://ae01.alicdn.com/kf/Hc4d0f4f9bc4040df84fce3ebce6477f1l/2020-Women-Autumn-Winter-White-Black-PU-Leather-Suede-Boots-Round-Toe-Lace-Up-Shoes-Woman.jpg_220x220.jpg,"https://ae04.alicdn.com/kf/Hc4d0f4f9bc4040df84fce3ebce6477f1l.jpg,https://ae04.alicdn.com/kf/H2b6c4bef72e0483d9e8dee4d0146df336.jpg,https://ae04.alicdn.com/kf/Hfbacaa1e261f439d975f91a3cc9d7224K.jpg,https://ae04.alicdn.com/kf/H71188ae2a4084a2cabfa5722a3046230g.jpg,https://ae04.alicdn.com/kf/Ha39c736244354202905ca83d4663b2148.jpg,",https://www.aliexpress.com/item/1005002126398694.html,6.85,,8.00%,2098-12-31,null%,https://s.click.aliexpress.com/e/_9GTqX0
Women's Shoes,200133142,Thigh High Boots Women 2020 Winter Fashion Boots New Over Knee Boots Women Shoes Sexy High Heels Boots Red Warm Fur Black Boots,1005002126542156,https://ae01.alicdn.com/kf/H1447c9f928e74942955d3fe7f5f402aeD/Thigh-High-Boots-Women-2020-Winter-Fashion-Boots-New-Over-Knee-Boots-Women-Shoes-Sexy-High.jpg_220x220.jpg,"https://ae04.alicdn.com/kf/H1447c9f928e74942955d3fe7f5f402aeD.jpg,https://ae04.alicdn.com/kf/Ha5ca5441b6ba4e54be8c689844ec7c4f0.jpg,https://ae04.alicdn.com/kf/H4b0841c8022241d1914e2ac9d8bdd1198.jpg,https://ae04.alicdn.com/kf/Hf8d2ba20abe240a2bb30d89ddf07cd071.jpg,https://ae04.alicdn.com/kf/Hf977ba6655c745079e2a50fada85eac3F.jpg,",https://www.aliexpress.com/item/1005002126542156.html,21.10,,8.00%,2098-12-31,null%,https://s.click.aliexpress.com/e/_ApX8uK
Women's Shoes,200133142,Black Sock Boots Women 2020 New Punk Gothic Shoes Ankle Boots Platform Shoes Women White Sock Boots,1005002126393624,https://ae01.alicdn.com/kf/H47db1a37173b4460b669bc3d39eb0422w/Black-Sock-Boots-Women-2020-New-Punk-Gothic-Shoes-Ankle-Boots-Platform-Shoes-Women-White-Sock.jpg_220x220.jpg,"https://ae04.alicdn.com/kf/H47db1a37173b4460b669bc3d39eb0422w.jpg,https://ae04.alicdn.com/kf/He2a292ec67f04bff9293344c2e602581C.jpg,https://ae04.alicdn.com/kf/He431838c71944087ba94dfb7000caf55s.jpg,https://ae04.alicdn.com/kf/H9b91a18572a94e288d1f2faf7c67b216q.jpg,https://ae04.alicdn.com/kf/He855e4bb055345729b7cd14c66bd55d5X.jpg,",https://www.aliexpress.com/item/1005002126393624.html,21.48,,8.00%,2098-12-31,null%,https://s.click.aliexpress.com/e/_A88dF4
Women's Shoes,200133142,2020 New INS Women Beige High Heels Wedges Long Boots Lady Riding Cowboy Boots Winter Designer Pointed Toe Knee Thigh High Boots,1005002126293897,https://ae01.alicdn.com/kf/H4ffd7d0112a84f9c9f5c7110347e9ea3I/2020-New-INS-Women-Beige-High-Heels-Wedges-Long-Boots-Lady-Riding-Cowboy-Boots-Winter-Designer.jpg_220x220.jpg,"https://ae04.alicdn.com/kf/H4ffd7d0112a84f9c9f5c7110347e9ea3I.jpg,https://ae04.alicdn.com/kf/H2ccc7742cbc34712ae0a6ea2d2d93f62x.jpg,https://ae04.alicdn.com/kf/Hf9ed9324b0114893b9c56065ac9abc9dc.jpg,https://ae04.alicdn.com/kf/H214929a28f86446ba21d8f21de748c2fM.jpg,https://ae04.alicdn.com/kf/He59255ba869a4b93be4714e9f7006ec5B.jpg,",https://www.aliexpress.com/item/1005002126293897.html,23.59,,8.00%,2098-12-31,null%,https://s.click.aliexpress.com/e/_ATuWnC
Women's Shoes,200133142,Girseaby Winter Cute Warm Plush fur Mid-Calf boots Floral Folk-custom Cotton Flat Flock Zip Big size 36-45 Black Blue Red F1046,1005002126427087,https://ae01.alicdn.com/kf/H2275036e44574e52a4a006eba0960dc0A/Girseaby-Winter-Cute-Warm-Plush-fur-Mid-Calf-boots-Floral-Folk-custom-Cotton-Flat-Flock-Zip.jpg_220x220.jpg,"https://ae04.alicdn.com/kf/H2275036e44574e52a4a006eba0960dc0A.jpg,https://ae04.alicdn.com/kf/H8b96b64930ce4449a287971c2e903db15.jpg,https://ae04.alicdn.com/kf/H8bc7137e3e0e458fba51349e47a9ad56d.jpg,https://ae04.alicdn.com/kf/H6a4b479ad52e4fa589b8773fbafc7d745.jpg,",https://www.aliexpress.com/item/1005002126427087.html,12.74,,8.00%,2098-12-31,null%,https://s.click.aliexpress.com/e/_9vza2e
Women's Shoes,200133142,14cm New Leather Women Over The Knee Boots Lace Up Sexy High Heels Autumn Woman Shoes Winter platfrm Women Boots Size 34-43,1005002126379177,https://ae01.alicdn.com/kf/Hb2b2115113c54d48ac99cce2f5f621998/14cm-New-Leather-Women-Over-The-Knee-Boots-Lace-Up-Sexy-High-Heels-Autumn-Woman-Shoes.jpg_220x220.jpg,"https://ae04.alicdn.com/kf/Hb2b2115113c54d48ac99cce2f5f621998.jpg,https://ae04.alicdn.com/kf/H2d553493be704751aae575f881635677p.jpg,https://ae04.alicdn.com/kf/H55b6beb4c7024491bb4534cbc1dd1f6aw.jpg,https://ae04.alicdn.com/kf/H4e4361cdaed84b8e82ab2824b0fd4ce5v.jpg,https://ae04.alicdn.com/kf/H5fefdcc977e94200a0658a6efaf1c58as.jpg,",https://www.aliexpress.com/item/1005002126379177.html,32.23,,8.00%,2098-12-31,null%,https://s.click.aliexpress.com/e/_ArbsSQ
Women's Shoes,200133142,2020 Brand Autumn Winter Women Boots Long Stretch Slim Thigh High Boots Fashion Over the Knee Boots High Heels Shoes Woman,1005002126263709,https://ae01.alicdn.com/kf/H0c731a45283c41309867a04153a0660fk/2020-Brand-Autumn-Winter-Women-Boots-Long-Stretch-Slim-Thigh-High-Boots-Fashion-Over-the-Knee.jpg_220x220.jpg,"https://ae04.alicdn.com/kf/H0c731a45283c41309867a04153a0660fk.jpg,https://ae04.alicdn.com/kf/H6ba0ab893ae942f49d0eab94b1df1309r.jpg,https://ae04.alicdn.com/kf/H9f13ed5f0daa479e962f288baf56f773l.jpg,https://ae04.alicdn.com/kf/H94442ae22ecc483b9e1cbab82d599bcax.jpg,",https://www.aliexpress.com/item/1005002126263709.html,29.44,,8.00%,2098-12-31,null%,https://s.click.aliexpress.com/e/_ACE2Pu
Women's Shoes,200133142,2020 Winter Snow Boots Women Winter Shoes Zip Warm Plush for Cold Winter Fashion Women's Boots Sweet Ladies Brand Ankle Botas,1005002126294426,https://ae01.alicdn.com/kf/H3ce4c21c626649f49a8342c6beec0742v/2020-Winter-Snow-Boots-Women-Winter-Shoes-Zip-Warm-Plush-for-Cold-Winter-Fashion-Women-s.jpg_220x220.jpg,"https://ae04.alicdn.com/kf/H3ce4c21c626649f49a8342c6beec0742v.jpg,https://ae04.alicdn.com/kf/Hbb30d39f12bb44ec86992e39e803702cv.jpg,https://ae04.alicdn.com/kf/Hcf12f421af4b47908b92dc9699e74f4eA.jpg,https://ae04.alicdn.com/kf/H1bbef4cdca18495c94315f51f6101bb5M.jpg,https://ae04.alicdn.com/kf/H5d12b9a145664302bf2ec76bb3f0562ei.jpg,",https://www.aliexpress.com/item/1005002126294426.html,17.62,,8.00%,2098-12-31,null%,https://s.click.aliexpress.com/e/_9i1OoS
Women's Shoes,200133142,Vangull Women Genuine Leather Boots fashion Handmade autumn and winter Classic women's short boots warmshort boots plush shoes,1005002126273520,https://ae01.alicdn.com/kf/H09b3e7f2d40d410aa9e89d25f3eaa119Y/Vangull-Women-Genuine-Leather-Boots-fashion-Handmade-autumn-and-winter-Classic-women-s-short-boots-warmshort.jpg_220x220.jpg,"https://ae04.alicdn.com/kf/H09b3e7f2d40d410aa9e89d25f3eaa119Y.jpg,https://ae04.alicdn.com/kf/H143d8475544540ee860a3268e52fdfddM.jpg,https://ae04.alicdn.com/kf/Ha56fec85953f499c9a54451b595add1dX.jpg,https://ae04.alicdn.com/kf/H931c30f1a5204b1bac9d4d713eb21876E.jpg,https://ae04.alicdn.com/kf/H4bd2a6e4a1284818aa268196ef0ac710j.jpg,",https://www.aliexpress.com/item/1005002126273520.html,57.53,,8.00%,2098-12-31,null%,https://s.click.aliexpress.com/e/_ACGnym
Women's Shoes,200133142,Girseaby Women Cute cartoon panda slippers Home Floor Soft plush Slippers Female house Shoes Girl Winter Warm Shoes pantufasT219,1005002126273468,https://ae01.alicdn.com/kf/Ha46ee9a8819943859af727e83a7afb9fM/Girseaby-Women-Cute-cartoon-panda-slippers-Home-Floor-Soft-plush-Slippers-Female-house-Shoes-Girl-Winter.jpg_220x220.jpg,"https://ae04.alicdn.com/kf/Ha46ee9a8819943859af727e83a7afb9fM.jpg,https://ae04.alicdn.com/kf/Hfe7829328267479596adb7f5613df9abf.jpg,https://ae04.alicdn.com/kf/H328349ce37f84c6ebcfa55f47da228d1G.jpg,https://ae04.alicdn.com/kf/H781d87a6442f4e01835afd72a69559a9g.jpg,",https://www.aliexpress.com/item/1005002126273468.html,4.39,,8.00%,2098-12-31,null%,https://s.click.aliexpress.com/e/_AoxfMe
Women's Shoes,200133142,White Suede Sneakers with Lace Up  Vintage Shoes Woman Mid Heels Sandalias Leopard  Mujer Sapato Feminino E2015,1005002126230636,https://ae01.alicdn.com/kf/H3f2a31acfb154c098c0d3f333df167abu/White-Suede-Sneakers-with-Lace-Up-Vintage-Shoes-Woman-Mid-Heels-Sandalias-Leopard-Mujer-Sapato-Feminino.jpg_220x220.jpg,"https://ae04.alicdn.com/kf/H3f2a31acfb154c098c0d3f333df167abu.jpg,https://ae04.alicdn.com/kf/H950d88fb2f594ef49afc0d9553648087e.jpg,https://ae04.alicdn.com/kf/H74f8dacf9e8a4bdca12d635f2fc1f0bdN.jpg,https://ae04.alicdn.com/kf/H71be82b4c4314b37ae7a26f3bce04b696.jpg,",https://www.aliexpress.com/item/1005002126230636.html,25.49,,8.00%,2098-12-31,null%,https://s.click.aliexpress.com/e/_A8aB8Q
Women's Shoes,200133142,2020 NEW Comfortable Rubber Platform Boots Women Martin Boots PU Leather Boots Woman Casual Lace-up Shoes Botas Mujer,1005002124252409,https://ae01.alicdn.com/kf/H7406141925814056ba69ec47ecd2ad830/2020-NEW-Comfortable-Rubber-Platform-Boots-Women-Martin-Boots-PU-Leather-Boots-Woman-Casual-Lace-up.jpg_220x220.jpg,"https://ae04.alicdn.com/kf/H7406141925814056ba69ec47ecd2ad830.jpg,https://ae04.alicdn.com/kf/Hd60db966fe62483d8269b01636cfe6240.jpg,https://ae04.alicdn.com/kf/H7837a24adcea460193ca92b3e97ddd4dK.jpg,https://ae04.alicdn.com/kf/H1ce8fd5301894e028d2568544e93fa9fQ.jpg,https://ae04.alicdn.com/kf/Hd12c14b2d7594a34b53030e981b3efa1E.jpg,",https://www.aliexpress.com/item/1005002124252409.html,18.22,,8.00%,2098-12-31,null%,https://s.click.aliexpress.com/e/_Ace1fy
Women's Shoes,200133142,oymlg2020 Fashion Women Boots Spring Winter Over The Knee Heels Quality Suede Long Comfort Square Botines Mujer Thigh High Boots,1005002124309180,https://ae01.alicdn.com/kf/H5366902a8d284a8d8ecdeb26169cd8daf/oymlg2020-Fashion-Women-Boots-Spring-Winter-Over-The-Knee-Heels-Quality-Suede-Long-Comfort-Square-Botines.jpg_220x220.jpg,"https://ae04.alicdn.com/kf/H5366902a8d284a8d8ecdeb26169cd8daf.jpg,https://ae04.alicdn.com/kf/Hfdb5076e619f4429b0aa019877fd1889P.jpg,https://ae04.alicdn.com/kf/Hb0254d604fa34ac5b21c55cc73b8fecek.jpg,https://ae04.alicdn.com/kf/H37c10f4760834a9e8b1ae2b923709a166.jpg,",https://www.aliexpress.com/item/1005002124309180.html,9.85,,8.00%,2098-12-31,null%,https://s.click.aliexpress.com/e/_99BiVy
Women's Shoes,200133142,New Fox Furry Boots womens Rhinestone Fur Shoes Women's Ankle Boots Pointed Flat Shoes Autumn Winter  Black boots Shoes Women,1005002124175532,https://ae01.alicdn.com/kf/Hc226cf9fa43d49e196c51ffd41b58558w/New-Fox-Furry-Boots-womens-Rhinestone-Fur-Shoes-Women-s-Ankle-Boots-Pointed-Flat-Shoes-Autumn.jpg_220x220.jpg,"https://ae04.alicdn.com/kf/Hc226cf9fa43d49e196c51ffd41b58558w.jpg,https://ae04.alicdn.com/kf/H75b6de21e6e34980b841b1f0a837a015A.jpg,https://ae04.alicdn.com/kf/Hc2c0adb0ab3f4cfc8fde0003a188bc95C.jpg,https://ae04.alicdn.com/kf/H44c1f5158efb4b278969f6c1ddbb3659y.jpg,https://ae04.alicdn.com/kf/H5e427d02020a44e4bda2ffb47b5ad134X.jpg,",https://www.aliexpress.com/item/1005002124175532.html,14.65,,8.00%,2098-12-31,null%,https://s.click.aliexpress.com/e/_AEkEII
Women's Shoes,200133142,slim flat Thigh High Boots Platform Women Slim Thick Sole Over The Knee Boots Women Shoes Black Winter Long Boots Women 2020,1005002124190416,https://ae01.alicdn.com/kf/H0a2bc4ab944545ada3585c553532d601c/slim-flat-Thigh-High-Boots-Platform-Women-Slim-Thick-Sole-Over-The-Knee-Boots-Women-Shoes.jpg_220x220.jpg,"https://ae04.alicdn.com/kf/H0a2bc4ab944545ada3585c553532d601c.jpg,https://ae04.alicdn.com/kf/H03bffb41001c4b4584f1725586983bb5M.jpg,https://ae04.alicdn.com/kf/H96ff7c6ecf7b442f887a2bae52bb47d77.jpg,https://ae04.alicdn.com/kf/H844809275f4d4de0984302345f15f6fbc.jpg,https://ae04.alicdn.com/kf/Hc49cfb060bd043e6a75b5177792944abu.jpg,",https://www.aliexpress.com/item/1005002124190416.html,32.73,,8.00%,2098-12-31,null%,https://s.click.aliexpress.com/e/_AVo1Dg
Women's Shoes,200133142,Vangull Women elastic fabric FLOCK Boots suede short boots fashion Handmade Classic pointed toe Sheepskin insole all-match,1005002124311128,https://ae01.alicdn.com/kf/H478199d6260e427ab91c2b4e46ff49c9R/Vangull-Women-elastic-fabric-FLOCK-Boots-suede-short-boots-fashion-Handmade-Classic-pointed-toe-Sheepskin-insole.jpg_220x220.jpg,"https://ae04.alicdn.com/kf/H478199d6260e427ab91c2b4e46ff49c9R.jpg,https://ae04.alicdn.com/kf/H825d72f7e8b9424e829f4c77026e146ck.jpg,https://ae04.alicdn.com/kf/H4357bf90ad804ab19601cedf8643520ec.jpg,https://ae04.alicdn.com/kf/Haef2b5d67b0d45cc9237e1548df3c796e.jpg,https://ae04.alicdn.com/kf/Hca5ba5013beb48f79de9955de93cfe82M.jpg,",https://www.aliexpress.com/item/1005002124311128.html,41.40,,8.00%,2098-12-31,null%,https://s.click.aliexpress.com/e/_9x4xkA
Women's Shoes,200133142,"women's bottomed flat boots, soft bottom comfortable woollen line Martin boots,handmade Institute women's bootsE893",1005002124121684,https://ae01.alicdn.com/kf/Hf9047f4b7424426b9efc8aca9c223c79a/women-s-bottomed-flat-boots-soft-bottom-comfortable-woollen-line-Martin-boots-handmade-Institute-women-s.jpg_220x220.jpg,"https://ae04.alicdn.com/kf/Hf9047f4b7424426b9efc8aca9c223c79a.jpg,https://ae04.alicdn.com/kf/H291521510a17441cabe0cc7567a168c7o.jpg,https://ae04.alicdn.com/kf/H3fc8e3d158464e3cba4f4cad9e29fc4ev.jpg,https://ae04.alicdn.com/kf/Hc37bbd2749b84ef89fcf4273d8261feb5.jpg,https://ae04.alicdn.com/kf/Ha7794c70867f45cd8823ad5e351a8319f.jpg,",https://www.aliexpress.com/item/1005002124121684.html,16.85,,8.00%,2098-12-31,null%,https://s.click.aliexpress.com/e/_ANCRZu
Women's Shoes,200133142,New 2021 keep warm snow boots women fashion platform fur thigh high over the knee boots plush ladies warm winter boots,1005002124052792,https://ae01.alicdn.com/kf/H2107c55b1a95444eb1317b80381e9e6eM/New-2021-keep-warm-snow-boots-women-fashion-platform-fur-thigh-high-over-the-knee-boots.jpg_220x220.jpg,"https://ae04.alicdn.com/kf/H2107c55b1a95444eb1317b80381e9e6eM.jpg,https://ae04.alicdn.com/kf/H2a66fe666f97477fb0b3cdf603e9906az.jpg,https://ae04.alicdn.com/kf/H8e956a9f89624c5caa6879ea4358a02aL.jpg,https://ae04.alicdn.com/kf/H2616fba9efc74e579ec0cd619b55fd79F.jpg,",https://www.aliexpress.com/item/1005002124052792.html,31.11,,8.00%,2098-12-31,null%,https://s.click.aliexpress.com/e/_9jlL8I
Women's Shoes,200133142,2021 Genuine leather boots women shoes thick sole lace up autumn winter short ankle boots for women motorcycle boots,1005002124228255,https://ae01.alicdn.com/kf/H216586041b194ff6ab047e3a9b4c7f8bv/2021-Genuine-leather-boots-women-shoes-thick-sole-lace-up-autumn-winter-short-ankle-boots-for.jpg_220x220.jpg,"https://ae04.alicdn.com/kf/H216586041b194ff6ab047e3a9b4c7f8bv.jpg,https://ae04.alicdn.com/kf/H02b917a4135c4733b996ede59ecc90577.jpg,https://ae04.alicdn.com/kf/H2dda5481ed664860842da455429e6552k.jpg,https://ae04.alicdn.com/kf/H0577570fcd9a4b1c807983123d1de864S.jpg,https://ae04.alicdn.com/kf/H52a28438212a46e1a5394fa3782a9bf6Y.jpg,",https://www.aliexpress.com/item/1005002124228255.html,39.75,,8.00%,2098-12-31,null%,https://s.click.aliexpress.com/e/_Aophzg
Women's Shoes,200133142,Plus size 34-43 Snow boots for women shoes zipper keep warm thick fur winter boots fashion ankle boots female,1005002124058740,https://ae01.alicdn.com/kf/H53790c4b651c47eb8c318f82d5276ff2Z/Plus-size-34-43-Snow-boots-for-women-shoes-zipper-keep-warm-thick-fur-winter-boots.jpg_220x220.jpg,"https://ae04.alicdn.com/kf/H53790c4b651c47eb8c318f82d5276ff2Z.jpg,https://ae04.alicdn.com/kf/Hdf2dcb96a62e4b5681ce79ba8e997371c.jpg,https://ae04.alicdn.com/kf/Hc9deddcbe9d54883bce1046b8c991207P.jpg,https://ae04.alicdn.com/kf/He83f4bc2d28c4f0f93ad8fc9d70261cfs.jpg,https://ae04.alicdn.com/kf/H275f7b8c89a8419cadffd21db8a24a1cn.jpg,",https://www.aliexpress.com/item/1005002124058740.html,30.16,,8.00%,2098-12-31,null%,https://s.click.aliexpress.com/e/_A57NYq
Women's Shoes,200133142,Colors down snow boots women shoes South Korea style platform boots wedges mid calf boots female plush winter boots,1005002124245165,https://ae01.alicdn.com/kf/H54ad0c44d2bc43a6a527a7711e15aea6o/Colors-down-snow-boots-women-shoes-South-Korea-style-platform-boots-wedges-mid-calf-boots-female.jpg_220x220.jpg,"https://ae04.alicdn.com/kf/H54ad0c44d2bc43a6a527a7711e15aea6o.jpg,https://ae04.alicdn.com/kf/H4cb1c74a273547688469e8ffb300bed6p.jpg,https://ae04.alicdn.com/kf/Ha4d5cdd711cc4d24819bcccf3b7935c9A.jpg,https://ae04.alicdn.com/kf/Hd172beecedbb4c398033aae00e1e13a0M.jpg,https://ae04.alicdn.com/kf/He32a6ba987d44d839c7aff7ecc102e43Y.jpg,",https://www.aliexpress.com/item/1005002124245165.html,29.64,,8.00%,2098-12-31,null%,https://s.click.aliexpress.com/e/_AZQnqa
Women's Shoes,200133142,Women's Autumn Sexy Thigh High Boots Suede Flat heel winter plush over the knee Boots black Female Stretch Boots 35-43,1005002124025823,https://ae01.alicdn.com/kf/Hffcf1b7d330448d19b9036aabb719c0eq/Women-s-Autumn-Sexy-Thigh-High-Boots-Suede-Flat-heel-winter-plush-over-the-knee-Boots.jpg_220x220.jpg,"https://ae04.alicdn.com/kf/Hffcf1b7d330448d19b9036aabb719c0eq.jpg,https://ae04.alicdn.com/kf/H5aff4c089bf74dc0a89d05893932036er.jpg,https://ae04.alicdn.com/kf/Hfd6fb469ae6b4f8d9fdf67abf03911b3X.jpg,",https://www.aliexpress.com/item/1005002124025823.html,26.75,,8.00%,2098-12-31,null%,https://s.click.aliexpress.com/e/_AacZsQ
Women's Shoes,200133142,Nature Full Genuine Leather Chelsea Boots Womne Thick High Heels Square Toe Spring Autumn Ankle Boots For Women Botas,1005002124068544,https://ae01.alicdn.com/kf/Hd3983c33e6f748528ee84fcc6a5460b5K/Nature-Full-Genuine-Leather-Chelsea-Boots-Womne-Thick-High-Heels-Square-Toe-Spring-Autumn-Ankle-Boots.jpg_220x220.jpg,"https://ae04.alicdn.com/kf/Hd3983c33e6f748528ee84fcc6a5460b5K.jpg,https://ae04.alicdn.com/kf/H4bd623acfc0d41ccab843bf96814178fB.jpg,https://ae04.alicdn.com/kf/Hd021fcae80c94780b9a9a2cfb583363dP.jpg,https://ae04.alicdn.com/kf/Hb96836a0b40f4b2c8d8fe07c0b598227y.jpg,https://ae04.alicdn.com/kf/Hc18b85f389064ba3be50ded6cbeaa182a.jpg,",https://www.aliexpress.com/item/1005002124068544.html,58.30,,8.00%,2098-12-31,null%,https://s.click.aliexpress.com/e/_AMNclU
Women's Shoes,200133142,2020 Big size 34-43 winter knee high boots sexy extreme high heels platform ladies shoes women boots black white,1005002124139380,https://ae01.alicdn.com/kf/H3264e17670db43eca59aed2f3c13d730U/2020-Big-size-34-43-winter-knee-high-boots-sexy-extreme-high-heels-platform-ladies-shoes.jpg_220x220.jpg,"https://ae04.alicdn.com/kf/H3264e17670db43eca59aed2f3c13d730U.jpg,https://ae04.alicdn.com/kf/H5a6c8ce4b299436da0dde7163c8b9a29F.jpg,https://ae04.alicdn.com/kf/Hba1a167cfc1a4ba0afde7deb66b9742ep.jpg,https://ae04.alicdn.com/kf/Ha9e8a93c518745aabf7e8ec27fa25096i.jpg,https://ae04.alicdn.com/kf/He84f78dca83841ee8637c70180b131ebX.jpg,",https://www.aliexpress.com/item/1005002124139380.html,37.63,,8.00%,2098-12-31,null%,https://s.click.aliexpress.com/e/_ATmYgi
Women's Shoes,200133142,2020 New Spring Elastic Over The Knee Boots Women Socks Black Boots Long Thigh High Knitting Boots Sneakers Y2,1005002124133361,https://ae01.alicdn.com/kf/H25de06de51b64147b1f69cc95ceddf6fB/2020-New-Spring-Elastic-Over-The-Knee-Boots-Women-Socks-Black-Boots-Long-Thigh-High-Knitting.jpg_220x220.jpg,"https://ae04.alicdn.com/kf/H25de06de51b64147b1f69cc95ceddf6fB.jpg,https://ae04.alicdn.com/kf/H30e599e37016437b82c2095f6f5bc3c3Q.jpg,https://ae04.alicdn.com/kf/H327d92c5413741c8842ba7ffb1031de7n.jpg,https://ae04.alicdn.com/kf/Hf538955d209d4523a2fdf421ee2738e1K.jpg,https://ae04.alicdn.com/kf/Hcb5c5d700e7a498bbfdd0dc0dabd43e7s.jpg,",https://www.aliexpress.com/item/1005002124133361.html,17.55,,8.00%,2098-12-31,null%,https://s.click.aliexpress.com/e/_9v3cjg
Women's Shoes,200133142,6CM Punk Style Platform Women Ankle Boots 2019 Women's Motorcycle Boot Fashion Ladies Chunky Shoes Metal Decor Black,1005002124097347,https://ae01.alicdn.com/kf/H894b3f1e9506407fb76687129e080e18s/6CM-Punk-Style-Platform-Women-Ankle-Boots-2019-Women-s-Motorcycle-Boot-Fashion-Ladies-Chunky-Shoes.jpg_220x220.jpg,"https://ae04.alicdn.com/kf/H894b3f1e9506407fb76687129e080e18s.jpg,https://ae04.alicdn.com/kf/Ha9d86142f67049a3a246d92ee5e43948e.jpg,https://ae04.alicdn.com/kf/H0d0384010b784d468b8da14491be1e4dw.jpg,https://ae04.alicdn.com/kf/H2336b0f3e7a64f8e87bea587a847ff47n.jpg,https://ae04.alicdn.com/kf/H1af1be35d6334dc993d4b2e08d9653caP.jpg,",https://www.aliexpress.com/item/1005002124097347.html,44.97,,8.00%,2098-12-31,null%,https://s.click.aliexpress.com/e/_AqrLe6
Women's Shoes,200133142,Genuine leather Platform Boots New Autumn Women Light Comfortable Chunky Boots Fashion Lace up Lady Shoes Footwear,1005002124023555,https://ae01.alicdn.com/kf/H4a23770f11544f349cea23c15677fa7an/Genuine-leather-Platform-Boots-New-Autumn-Women-Light-Comfortable-Chunky-Boots-Fashion-Lace-up-Lady-Shoes.jpg_220x220.jpg,"https://ae04.alicdn.com/kf/H4a23770f11544f349cea23c15677fa7an.jpg,https://ae04.alicdn.com/kf/H8518a0b89f99404199701a197dd66df6z.jpg,https://ae04.alicdn.com/kf/H05291c9647c44ed590ff1c918648c27eg.jpg,https://ae04.alicdn.com/kf/Hd0c2067983b44ac197d7dc1c33754c56B.jpg,https://ae04.alicdn.com/kf/Hdf08738be79b49cfbf674111be239387K.jpg,",https://www.aliexpress.com/item/1005002124023555.html,32.98,,8.00%,2098-12-31,null%,https://s.click.aliexpress.com/e/_98LHDY
Women's Shoes,200133142,Stretch Women's Lace up Boots Genuine Leather Fashion Women Long Boots 2020 Autumn Ladies Platform plus size 44 Footwear,1005002123859984,https://ae01.alicdn.com/kf/H017a6f69e9834265aed0e76bf433cf80p/Stretch-Women-s-Lace-up-Boots-Genuine-Leather-Fashion-Women-Long-Boots-2020-Autumn-Ladies-Platform.jpg_220x220.jpg,"https://ae04.alicdn.com/kf/H017a6f69e9834265aed0e76bf433cf80p.jpg,https://ae04.alicdn.com/kf/H0a85bcb9a3364503ac79801ffeb8ebafv.jpg,https://ae04.alicdn.com/kf/Had8bd2f86a6b4f939a698b35e78a986fX.jpg,https://ae04.alicdn.com/kf/Hae3c3e865ad649458fcd398b26dad6baV.jpg,https://ae04.alicdn.com/kf/Hf972418108094307a7121d490e9f00b4w.jpg,",https://www.aliexpress.com/item/1005002123859984.html,36.99,,8.00%,2098-12-31,null%,https://s.click.aliexpress.com/e/_AD0lKS
Women's Shoes,200133142,Genuine Leather Front Zipper Women' Ankle Boots 2020 Fashion Style Women Spring Platform Boots Ladies Chunky Shoes,1005002124010442,https://ae01.alicdn.com/kf/H1da91afc02e049f289e54bd283baa78bB/Genuine-Leather-Front-Zipper-Women-Ankle-Boots-2020-Fashion-Style-Women-Spring-Platform-Boots-Ladies-Chunky.jpg_220x220.jpg,"https://ae04.alicdn.com/kf/H1da91afc02e049f289e54bd283baa78bB.jpg,https://ae04.alicdn.com/kf/Hb9ef685d50e84022a9f4ca680738a649O.jpg,https://ae04.alicdn.com/kf/H7a44ea2b7db0481db9cd64b8c0677e1ft.jpg,https://ae04.alicdn.com/kf/H60a5d889704c41fb9d6d4f0cdf5e0eb70.jpg,https://ae04.alicdn.com/kf/Hb5ecbbe30e344201af05d42e1cf88f47A.jpg,",https://www.aliexpress.com/item/1005002124010442.html,33.98,,8.00%,2098-12-31,null%,https://s.click.aliexpress.com/e/_99hgc2
Women's Shoes,200133142,Genuine Leather Women Boots Ankle Boots Female Autumn Winter Shoes Woman Couple Motorcycle Boots Women 'sAnkle Boots,1005002124095073,https://ae01.alicdn.com/kf/H5aabc52e743d4c88a0c9d30e3402b2dba/Genuine-Leather-Women-Boots-Ankle-Boots-Female-Autumn-Winter-Shoes-Woman-Couple-Motorcycle-Boots-Women-sAnkle.jpg_220x220.jpg,"https://ae04.alicdn.com/kf/H5aabc52e743d4c88a0c9d30e3402b2dba.jpg,https://ae04.alicdn.com/kf/Hb18a5930950b4591a3baf594e9073494h.jpg,https://ae04.alicdn.com/kf/Hee1dd7460b8b46949e065bc289d094dba.jpg,https://ae04.alicdn.com/kf/H64cae5ec59bb49eaabe316e1cd47295aH.jpg,https://ae04.alicdn.com/kf/H10febb641cca42bba489b2a554be5267w.jpg,",https://www.aliexpress.com/item/1005002124095073.html,35.40,,8.00%,2098-12-31,null%,https://s.click.aliexpress.com/e/_AEIC5k
Women's Shoes,200133142,Flat heel Autumn Flock Leather High boots Winter Fashion Women's Thigh boots Plush Black Over Knee Boots Size 35-43,1005002123967524,https://ae01.alicdn.com/kf/H5d07b2b34d1044fe91b8b81bca3d2f6eA/Flat-heel-Autumn-Flock-Leather-High-boots-Winter-Fashion-Women-s-Thigh-boots-Plush-Black-Over.jpg_220x220.jpg,"https://ae04.alicdn.com/kf/H5d07b2b34d1044fe91b8b81bca3d2f6eA.jpg,https://ae04.alicdn.com/kf/Hafe0f177df55437ca99c5647ac2b490a5.jpg,https://ae04.alicdn.com/kf/Hce045d1471fd404a8582ccb9bea30fa7m.jpg,https://ae04.alicdn.com/kf/He11fc0baa25f48a5b8a814d56acbdabdx.jpg,",https://www.aliexpress.com/item/1005002123967524.html,29.74,,8.00%,2098-12-31,null%,https://s.click.aliexpress.com/e/_AVwOWe
Women's Shoes,200133142,Women's sexy High Heels socks boots Autumn winter fashion Knitted Stretch boots Women Black Ankle Sock Boots 34-43,1005002124076052,https://ae01.alicdn.com/kf/H75687675361340459bc57c60f4648b3dZ/Women-s-sexy-High-Heels-socks-boots-Autumn-winter-fashion-Knitted-Stretch-boots-Women-Black-Ankle.jpg_220x220.jpg,"https://ae04.alicdn.com/kf/H75687675361340459bc57c60f4648b3dZ.jpg,https://ae04.alicdn.com/kf/H98923d480a7b43a4ba9366f3f5802bd1V.jpg,https://ae04.alicdn.com/kf/H5ddb46dbe0184cbdb8df1b715534b735r.jpg,https://ae04.alicdn.com/kf/H1cb2ce4ba4874b3ab0078e566c842fb91.jpg,",https://www.aliexpress.com/item/1005002124076052.html,20.38,,8.00%,2098-12-31,null%,https://s.click.aliexpress.com/e/_A7qEo6
Women's Shoes,200133142,female Stretch boots autumn winter High heel women Over-the-knee boots 2020 fashion sexy thigh high boots Size 34-43,1005002123916564,https://ae01.alicdn.com/kf/H877c52eaedf34e75982492a269e3344f3/female-Stretch-boots-autumn-winter-High-heel-women-Over-the-knee-boots-2020-fashion-sexy-thigh.jpg_220x220.jpg,"https://ae04.alicdn.com/kf/H877c52eaedf34e75982492a269e3344f3.jpg,https://ae04.alicdn.com/kf/Ha6d9193498b14150ba5523a47fcc26670.jpg,https://ae04.alicdn.com/kf/Hfe81f1da99484db99272fb8ed1f2aa675.jpg,https://ae04.alicdn.com/kf/H4fa79b45934f4bbfa430f150528816eey.jpg,https://ae04.alicdn.com/kf/H9a791751fc3a48ecab0d431ff149f608H.jpg,",https://www.aliexpress.com/item/1005002123916564.html,28.59,,8.00%,2098-12-31,null%,https://s.click.aliexpress.com/e/_AbKU3Y
Women's Shoes,200133142,2021 New winter warm Snow Boots Outdoor waterproof women's Cotton boots Plush comfort warm Female high top boots,1005002124021195,https://ae01.alicdn.com/kf/H7587f8011b6f40c7b8c715f59129c957x/2021-New-winter-warm-Snow-Boots-Outdoor-waterproof-women-s-Cotton-boots-Plush-comfort-warm-Female.jpg_220x220.jpg,"https://ae04.alicdn.com/kf/H7587f8011b6f40c7b8c715f59129c957x.jpg,https://ae04.alicdn.com/kf/H408840f436704b05abd24f703a5d4d54B.jpg,https://ae04.alicdn.com/kf/H65e021b34ca747d291116d2ac22294197.jpg,https://ae04.alicdn.com/kf/H3a7ea0c248ad4ebd911f9181f65d49d74.jpg,https://ae04.alicdn.com/kf/Hca58868d24f44501a30d56ac1bd8a3f44.jpg,",https://www.aliexpress.com/item/1005002124021195.html,20.38,,8.00%,2098-12-31,null%,https://s.click.aliexpress.com/e/_Ar95R4
Women's Shoes,200133142,Quality Waterproof Winter Women Boots Keep Warm Mid-Calf Snow Boots Ladies Lace-up Comfortable Boots Chaussures Femme,1005002123845732,https://ae01.alicdn.com/kf/Hcd5b1d323738485abbec78cdb045e09cB/Quality-Waterproof-Winter-Women-Boots-Keep-Warm-Mid-Calf-Snow-Boots-Ladies-Lace-up-Comfortable-Boots.jpg_220x220.jpg,"https://ae04.alicdn.com/kf/Hcd5b1d323738485abbec78cdb045e09cB.jpg,https://ae04.alicdn.com/kf/He1912c83ab5c4caaa18591004af5655b1.jpg,https://ae04.alicdn.com/kf/H67b2f691324745198faa234c7a7818b8c.jpg,https://ae04.alicdn.com/kf/H4d5bdd25b7c04ff1b4badb28e94adb9bC.jpg,",https://www.aliexpress.com/item/1005002123845732.html,24.44,,8.00%,2098-12-31,null%,https://s.click.aliexpress.com/e/_AmvJdC
Women's Shoes,200133142,High-heeled genuine leather women winter boots thick wool warm women Military boots high-quality female snow boots K25,1005002123873551,https://ae01.alicdn.com/kf/H00c740a30aad43c985418f694ed909146/High-heeled-genuine-leather-women-winter-boots-thick-wool-warm-women-Military-boots-high-quality-female.jpg_220x220.jpg,"https://ae04.alicdn.com/kf/H00c740a30aad43c985418f694ed909146.jpg,https://ae04.alicdn.com/kf/H8981458a5c2e4271928807ded5a17489t.jpg,https://ae04.alicdn.com/kf/H07bfdceafe444c209e42db55f7b8cdcfZ.jpg,https://ae04.alicdn.com/kf/H06ee3f8c03884c97818b7ba7088154ad1.jpg,https://ae04.alicdn.com/kf/H45a9c6602e7447b7888a8ef04a1c43d2M.jpg,",https://www.aliexpress.com/item/1005002123873551.html,45.38,,8.00%,2098-12-31,null%,https://s.click.aliexpress.com/e/_97fJ74
Women's Shoes,200133142,2020 Warm Shoes Suede Leather Boots Women Winter Shoes Fashion Ins Women Sneakers Height Increasing Shoes Snow Boots KT004,1005002123895397,https://ae01.alicdn.com/kf/Hb98ec194100f4ab686a5817c5b6031c0y/2020-Warm-Shoes-Suede-Leather-Boots-Women-Winter-Shoes-Fashion-Ins-Women-Sneakers-Height-Increasing-Shoes.jpg_220x220.jpg,"https://ae04.alicdn.com/kf/Hb98ec194100f4ab686a5817c5b6031c0y.jpg,https://ae04.alicdn.com/kf/H07f2d8c068fb46c180ce3c917644c65ay.jpg,https://ae04.alicdn.com/kf/Hdbfd336a462f499eb0dc1ea3508f9402O.jpg,https://ae04.alicdn.com/kf/H273fed6c5c504fa7bfa707d5d82acb76m.jpg,https://ae04.alicdn.com/kf/H9e38d7852b544dda83fbe3fa87b484b5I.jpg,",https://www.aliexpress.com/item/1005002123895397.html,21.63,,8.00%,2098-12-31,null%,https://s.click.aliexpress.com/e/_AnVG1M
Women's Shoes,200133142,Genuine Leather Plush women's short Boots Retro Casual Autumn Winter Women's Boots Waterproof leather warm Snow boots,1005002123936343,https://ae01.alicdn.com/kf/He4f117d951024f488b98f2d8171049a6b/Genuine-Leather-Plush-women-s-short-Boots-Retro-Casual-Autumn-Winter-Women-s-Boots-Waterproof-leather.jpg_220x220.jpg,"https://ae04.alicdn.com/kf/He4f117d951024f488b98f2d8171049a6b.jpg,https://ae04.alicdn.com/kf/H8df97744723140daa109705075430c85X.jpg,https://ae04.alicdn.com/kf/H978a54adda214717bf260309e632d5942.jpg,https://ae04.alicdn.com/kf/H0f1290382fed4da59d930d920be3e09aF.jpg,",https://www.aliexpress.com/item/1005002123936343.html,25.48,,8.00%,2098-12-31,null%,https://s.click.aliexpress.com/e/_A66kiq
Women's Shoes,200133142,Black flat Over The Knee Boots Women shoes Platform Thigh High Boots Winter Shoes Long Boots Women 2020 Thick Sole Botas Mujer,1005002123943272,https://ae01.alicdn.com/kf/H53bd3750afdd412fa3ddd5fa292d725cd/Black-flat-Over-The-Knee-Boots-Women-shoes-Platform-Thigh-High-Boots-Winter-Shoes-Long-Boots.jpg_220x220.jpg,"https://ae04.alicdn.com/kf/H53bd3750afdd412fa3ddd5fa292d725cd.jpg,https://ae04.alicdn.com/kf/H2a318c28035d4ead8f6b2071486ab2b5h.jpg,https://ae04.alicdn.com/kf/H626c96c1ac66491092f3e4df095aa27fA.jpg,https://ae04.alicdn.com/kf/Hbdf6edc0a2ae40d1978664a270089eceW.jpg,https://ae04.alicdn.com/kf/H8f222684818c4b2aa0ddea10d1c5dfdeI.jpg,",https://www.aliexpress.com/item/1005002123943272.html,32.20,,8.00%,2098-12-31,null%,https://s.click.aliexpress.com/e/_AaAWH4
Women's Shoes,200133142,Women ankle Boots Cowhide natural leather plus size women shoes Europe and America Square head chunky heel Chelsea boots,1005002123756777,https://ae01.alicdn.com/kf/Ha4e0901934304f86b252feb96ce35917Q/Women-ankle-Boots-Cowhide-natural-leather-plus-size-women-shoes-Europe-and-America-Square-head-chunky.jpg_220x220.jpg,"https://ae04.alicdn.com/kf/Ha4e0901934304f86b252feb96ce35917Q.jpg,https://ae04.alicdn.com/kf/H2dd6ab268d3d4386924e57c138778007b.jpg,https://ae04.alicdn.com/kf/Hdde5dc0be1aa43c0917a684bdbc523cdt.jpg,https://ae04.alicdn.com/kf/H2c50a8bf328140eebbd42373a13b4722T.jpg,https://ae04.alicdn.com/kf/Ha2c23e76c1a64cf1b5c6880632fcf906e.jpg,",https://www.aliexpress.com/item/1005002123756777.html,58.22,,8.00%,2098-12-31,null%,https://s.click.aliexpress.com/e/_ANizCm
Women's Shoes,200133142,Women knee-high boots natural Leather shoes plus size 22-27 cm length 6cm heel cow leather autumn and winter warm plush shoes,1005002123832498,https://ae01.alicdn.com/kf/Hdd33e86693e5414194bf101b10ff0a81x/Women-knee-high-boots-natural-Leather-shoes-plus-size-22-27-cm-length-6cm-heel-cow.jpg_220x220.jpg,"https://ae04.alicdn.com/kf/Hdd33e86693e5414194bf101b10ff0a81x.jpg,https://ae04.alicdn.com/kf/H49f1315975074b5982ca9a1f214a9a13E.jpg,https://ae04.alicdn.com/kf/H699e3b912f1b49a983ed271f5e824828J.jpg,https://ae04.alicdn.com/kf/H8011c05d831f458382ec577ca51ab5892.jpg,https://ae04.alicdn.com/kf/Hfbf2205c8fec49318c1ac7e100e8747fS.jpg,",https://www.aliexpress.com/item/1005002123832498.html,61.42,,8.00%,2098-12-31,null%,https://s.click.aliexpress.com/e/_9jJtFk
Women's Shoes,200133142,Patent Leather Punk Combat Boots for Women Candy Color Purple Yellow Chunky Thick Heel,1005002119922360,https://ae01.alicdn.com/kf/H00cf223f16ef46378179d38205403edeY/Patent-Leather-Punk-Combat-Boots-for-Women-Candy-Color-Purple-Yellow-Chunky-Thick-Heel.jpg_220x220.jpg,"https://ae04.alicdn.com/kf/H00cf223f16ef46378179d38205403edeY.jpg,https://ae04.alicdn.com/kf/Ha02a1850e94b4c93a90d012f253656f1q.jpg,https://ae04.alicdn.com/kf/H9fb1e705c8dd4af2acb810e7c149a155r.jpg,https://ae04.alicdn.com/kf/He9b7a1617b934cdf8dfffb09547628f3c.jpg,https://ae04.alicdn.com/kf/H9c8db905e4924fe1b175bf984326b06es.jpg,",https://www.aliexpress.com/item/1005002119922360.html,36.93,15.51,10.00%,2098-12-31,58%,https://s.click.aliexpress.com/e/_AXeTuI
Women's Shoes,200133142,2020 Autumn Winter New Women's Thick-Soled Leather Martin Boots Casual Women's Boots Women's Fashion Lace-Up High Boots,1005002119698548,https://ae01.alicdn.com/kf/Hafeff6a9e32c40d2be043c55a065237cX/2020-Autumn-Winter-New-Women-s-Thick-Soled-Leather-Martin-Boots-Casual-Women-s-Boots-Women.jpg_220x220.jpg,"https://ae04.alicdn.com/kf/Hafeff6a9e32c40d2be043c55a065237cX.jpg,https://ae04.alicdn.com/kf/H05f87272e076403e82c95cf8f6465d3eh.jpg,https://ae04.alicdn.com/kf/H460bf80f5bd74d329adc8580985cb7baE.jpg,https://ae04.alicdn.com/kf/H203f6cc899e8465087f31cde46f6900fS.jpg,https://ae04.alicdn.com/kf/H9e1d866b286e458fafd4e6074f4c7c7fu.jpg,",https://www.aliexpress.com/item/1005002119698548.html,15.35,,10.00%,2098-12-31,null%,https://s.click.aliexpress.com/e/_A3NfZ0
Women's Shoes,200133142,2020 Elegant Women Shoes Slippers Female Slides Outdoor Summer Slippers Women's Shoe Luxury Shoes Woman Designers Femme Sandals,1005002119979182,https://ae01.alicdn.com/kf/Heb7f26c4407e417aa65b576af7af9901J/2020-Elegant-Women-Shoes-Slippers-Female-Slides-Outdoor-Summer-Slippers-Women-s-Shoe-Luxury-Shoes-Woman.jpg_220x220.jpg,"https://ae04.alicdn.com/kf/Heb7f26c4407e417aa65b576af7af9901J.jpg,https://ae04.alicdn.com/kf/Hb6e889ef0273440abe8b275ecd1e912d4.jpg,https://ae04.alicdn.com/kf/H0a36447a22fb4b9188f7181f9f7d9dc4B.jpg,https://ae04.alicdn.com/kf/Hcc8a3aa73dad4dbc878c812cee06a6b0Z.jpg,https://ae04.alicdn.com/kf/Hb292b8268e68407799f1428dba4f87c6c.jpg,",https://www.aliexpress.com/item/1005002119979182.html,13.00,5.46,10.00%,2098-12-31,58%,https://s.click.aliexpress.com/e/_9JdqGw
Women's Shoes,200133142,Elegant Black White Canvas Platform Wedge Slippers Women Mules Shoes Leisure Stealth Increase Slippers Woman Closed Toe Sandals,1005002119971118,https://ae01.alicdn.com/kf/H6b50582a6a05401dba439ddd43044ed5E/Elegant-Black-White-Canvas-Platform-Wedge-Slippers-Women-Mules-Shoes-Leisure-Stealth-Increase-Slippers-Woman-Closed.jpg_220x220.jpg,"https://ae04.alicdn.com/kf/H6b50582a6a05401dba439ddd43044ed5E.jpg,https://ae04.alicdn.com/kf/Hc5a49a8e35d24530b2c42f84c394eb4fg.jpg,https://ae04.alicdn.com/kf/Hc0c7c69a15e841f9b3389274397e703fg.jpg,https://ae04.alicdn.com/kf/H7dc9185b63ae4f2c973ef12cea664818u.jpg,https://ae04.alicdn.com/kf/H72ea262d419d4d56bd025841fa8dfdddt.jpg,",https://www.aliexpress.com/item/1005002119971118.html,30.59,12.85,10.00%,2098-12-31,58%,https://s.click.aliexpress.com/e/_AdoXcA
Women's Shoes,200133142,2021 new comfortable leather ladies high heels female pointed shallow mouth fairy all-match elastic band soft sandals,1005002126543695,https://ae01.alicdn.com/kf/H8956d16ca4eb4a6c9029a3d53cf757faF/2021-new-comfortable-leather-ladies-high-heels-female-pointed-shallow-mouth-fairy-all-match-elastic-band.png_220x220.png,"https://ae04.alicdn.com/kf/H8956d16ca4eb4a6c9029a3d53cf757faF.png,https://ae04.alicdn.com/kf/H0493bb745f024e53b79a525359a9ac7fK.png,https://ae04.alicdn.com/kf/H1b0b8ac97de84892b0ec8eba8cdc571cd.png,https://ae04.alicdn.com/kf/H6b6c0a06d04a46018be600bb2f886312k.png,https://ae04.alicdn.com/kf/H671ea0af07b1431bad31321cf0134ee2n.png,",https://www.aliexpress.com/item/1005002126543695.html,63.50,32.39,8.00%,2098-12-31,49%,https://s.click.aliexpress.com/e/_A04z5Y
Women's Shoes,200133142,Autumn and winter plus velvet thick snow boots cotton shoes boots women's shoes flat with students short tube with Martin boots,1005002126647820,https://ae01.alicdn.com/kf/H858cebc4fe1a4bf6a22bfd7ac15832429/Autumn-and-winter-plus-velvet-thick-snow-boots-cotton-shoes-boots-women-s-shoes-flat-with.jpg_220x220.jpg,"https://ae04.alicdn.com/kf/H858cebc4fe1a4bf6a22bfd7ac15832429.jpg,https://ae04.alicdn.com/kf/H85d1e9792be8475ca148d0e32f714a43M.jpg,https://ae04.alicdn.com/kf/H795f2b5d75f34e7a913114ab1455ee07C.jpg,https://ae04.alicdn.com/kf/H328e410ab0af4408bb8e6285929f7c997.jpg,https://ae04.alicdn.com/kf/H7ce43da9d38a4acdb6de81ef3b779da1e.jpg,",https://www.aliexpress.com/item/1005002126647820.html,5.39,,8.00%,2098-12-31,null%,https://s.click.aliexpress.com/e/_9fXijs
Women's Shoes,200133142,2020 winter new Korean version plus velvet warm snow boots female short tube cotton boots tassel zipper Martin boots cotton shoe,1005002126803416,https://ae01.alicdn.com/kf/Hcf40f3f8e03e415688cb05d965e3b8caD/2020-winter-new-Korean-version-plus-velvet-warm-snow-boots-female-short-tube-cotton-boots-tassel.jpg_220x220.jpg,"https://ae04.alicdn.com/kf/Hcf40f3f8e03e415688cb05d965e3b8caD.jpg,https://ae04.alicdn.com/kf/Hf060457fec3a4e49b9e36f0915cbf3b54.jpg,https://ae04.alicdn.com/kf/H8bb7f577723e46808508cc9f0c4175b8i.jpg,https://ae04.alicdn.com/kf/H6affd6c71e484d73a3805246bd869cc7w.jpg,https://ae04.alicdn.com/kf/He4a111eb17914c28a97e8d306b73be94u.jpg,",https://www.aliexpress.com/item/1005002126803416.html,17.71,,8.00%,2098-12-31,null%,https://s.click.aliexpress.com/e/_99VwMK
Women's Shoes,200133142,Snow boots female high help thick bottom non-slip winter shoes female 2020 new flat bottom wild plus velvet cotton shoes soft bo,1005002126715648,https://ae01.alicdn.com/kf/H9c8252b7632d433ea0bbdd9cfb333070S/Snow-boots-female-high-help-thick-bottom-non-slip-winter-shoes-female-2020-new-flat-bottom.jpg_220x220.jpg,"https://ae04.alicdn.com/kf/H9c8252b7632d433ea0bbdd9cfb333070S.jpg,https://ae04.alicdn.com/kf/He0534004e1a9485bba5d4be3c3fdf86cp.jpg,https://ae04.alicdn.com/kf/H6e5da5bafeeb480790b8084ca9e40586E.jpg,https://ae04.alicdn.com/kf/H9b4be27677f641dc95b5d59ad2feb684c.jpg,https://ae04.alicdn.com/kf/Hcab8e58f0c304ace88482e5b77772c32b.jpg,",https://www.aliexpress.com/item/1005002126715648.html,20.70,,8.00%,2098-12-31,null%,https://s.click.aliexpress.com/e/_AE6294
Women's Shoes,200133142,Booties female autumn and winter thick with Martin boots students wild plus velvet boots XL women's boots,1005002126657771,https://ae01.alicdn.com/kf/H4bdfe60244df442496db0a032e89b683a/Booties-female-autumn-and-winter-thick-with-Martin-boots-students-wild-plus-velvet-boots-XL-women.jpg_220x220.jpg,"https://ae04.alicdn.com/kf/H4bdfe60244df442496db0a032e89b683a.jpg,https://ae04.alicdn.com/kf/H00ef70d432fd4859b313548ee6868415I.jpg,https://ae04.alicdn.com/kf/Heaa6ed7bb1e642a98e172687c896449dm.jpg,https://ae04.alicdn.com/kf/H3203a909b2924d209bca4e9445bb01c78.jpg,",https://www.aliexpress.com/item/1005002126657771.html,10.39,,8.00%,2098-12-31,null%,https://s.click.aliexpress.com/e/_AVAYQm
Women's Shoes,200133142,Women Boots autumn winter Increase ankle Shoes Women plus velvet Snow boots warm round head Casual Martin boots Y876,1005002126582916,https://ae01.alicdn.com/kf/H6123e40113544a01b0b39fb0555bb7ab5/Women-Boots-autumn-winter-Increase-ankle-Shoes-Women-plus-velvet-Snow-boots-warm-round-head-Casual.jpg_220x220.jpg,"https://ae04.alicdn.com/kf/H6123e40113544a01b0b39fb0555bb7ab5.jpg,https://ae04.alicdn.com/kf/H3032bb6f055048f3bfc5f02810713521t.jpg,https://ae04.alicdn.com/kf/H2b9d441811e14136b4ce1cc6c835c638A.jpg,https://ae04.alicdn.com/kf/H844287d6cb9b477c9f4bc0904645cb2ao.jpg,https://ae04.alicdn.com/kf/H554f605ca2bc4c458abe6e5c9a8a8705T.jpg,",https://www.aliexpress.com/item/1005002126582916.html,20.40,,8.00%,2098-12-31,null%,https://s.click.aliexpress.com/e/_9xjdbk
Women's Shoes,200133142,2020 Warm Suede Boots Women Autumn Winter Lace Up Ladies Shoes Women Snow Boots Outdoor Knitting Patchwork Female Botas De Mujer,1005002126617681,https://ae01.alicdn.com/kf/H36f5c6a089c74e73995e55aeee527b43N/2020-Warm-Suede-Boots-Women-Autumn-Winter-Lace-Up-Ladies-Shoes-Women-Snow-Boots-Outdoor-Knitting.jpg_220x220.jpg,"https://ae04.alicdn.com/kf/H36f5c6a089c74e73995e55aeee527b43N.jpg,https://ae04.alicdn.com/kf/H94270c6563364969bbbe54129ad226d4i.jpg,https://ae04.alicdn.com/kf/Hb2e5e7cf221f47cbb86e74a330b747faW.jpg,https://ae04.alicdn.com/kf/H87c14334c8f24d7ea03e3e2fd30c3ceer.jpg,https://ae04.alicdn.com/kf/H181a4c632c1641da93133c377cd497aez.jpg,",https://www.aliexpress.com/item/1005002126617681.html,12.95,,8.00%,2098-12-31,null%,https://s.click.aliexpress.com/e/_AsJL4e
Women's Shoes,200133142,Women Snow Boots Plush New Warm Ankle Boots for Women Winter Boots Waterproof Women Boots Female Winter Shoes Women Booties,1005002126817088,https://ae01.alicdn.com/kf/H846a3221a77d48f19227dd2c4af1f638V/Women-Snow-Boots-Plush-New-Warm-Ankle-Boots-for-Women-Winter-Boots-Waterproof-Women-Boots-Female.jpg_220x220.jpg,"https://ae04.alicdn.com/kf/H846a3221a77d48f19227dd2c4af1f638V.jpg,https://ae04.alicdn.com/kf/H5fd7b6c6f1d4460c80fffbe06bfb50a4j.jpg,https://ae04.alicdn.com/kf/Hfcbed8fbc1544de1bb6e51cea1215f572.jpg,https://ae04.alicdn.com/kf/Hbd980333ee2146ae9c8ad701e4c92c9cT.jpg,https://ae04.alicdn.com/kf/Hbf9d7859201b4671bec698c9fe20f0fah.jpg,",https://www.aliexpress.com/item/1005002126817088.html,7.73,,8.00%,2098-12-31,null%,https://s.click.aliexpress.com/e/_9AxHrc
Women's Shoes,200133142,Women Snow Boots Winter Female Boots Thick Plush Waterproof non-slip Thigh High Boots Fashion Warm Fur Woman Winter Shoes 2021,1005002126745226,https://ae01.alicdn.com/kf/Ha2ba59e065ae49fc8b86feebd3084deae/Women-Snow-Boots-Winter-Female-Boots-Thick-Plush-Waterproof-non-slip-Thigh-High-Boots-Fashion-Warm.jpg_220x220.jpg,"https://ae04.alicdn.com/kf/Ha2ba59e065ae49fc8b86feebd3084deae.jpg,https://ae04.alicdn.com/kf/H7c3d83cbb1bf4e6ea42811dd33b7cb578.jpg,https://ae04.alicdn.com/kf/H962751acea3748199177fc19970c3d13d.jpg,https://ae04.alicdn.com/kf/Haa0dc776f5d74307a3e1525964d7ff18m.jpg,https://ae04.alicdn.com/kf/Hb098a27d7b614ad98e05aba55bbd16651.jpg,",https://www.aliexpress.com/item/1005002126745226.html,14.40,,8.00%,2098-12-31,null%,https://s.click.aliexpress.com/e/_9HbONy
Women's Shoes,200133142,Women Boots 2020 New Winter Boots For Women Waterproof Warm Snow Botas Mujer Zipper Ankle Boots Low Heels Winter Shoes Women,1005002126671312,https://ae01.alicdn.com/kf/H09652343230d41099dc8ad6b4bd57d491/Women-Boots-2020-New-Winter-Boots-For-Women-Waterproof-Warm-Snow-Botas-Mujer-Zipper-Ankle-Boots.jpg_220x220.jpg,"https://ae04.alicdn.com/kf/H09652343230d41099dc8ad6b4bd57d491.jpg,https://ae04.alicdn.com/kf/Hb1c5d18c37af44158b3b8533515cbae2R.jpg,https://ae04.alicdn.com/kf/H0a021646330c4fdebd031abe2e962f31W.jpg,https://ae04.alicdn.com/kf/H3393e385952c41c18b104b9268fd6307a.jpg,https://ae04.alicdn.com/kf/He56cc4e8df9841fb8a8e50fe44565a3aT.jpg,",https://www.aliexpress.com/item/1005002126671312.html,11.96,,8.00%,2098-12-31,null%,https://s.click.aliexpress.com/e/_A2BGAI
Women's Shoes,200133142,Women High heels Booties Suede Platform Wedges Ankle Boots Ladies Winter Thick Plush Warm Snow Boots 8.5cm Increased Internal,1005002126502884,https://ae01.alicdn.com/kf/Hde9f45e22bf54d04a669634c080ff805m/Women-High-heels-Booties-Suede-Platform-Wedges-Ankle-Boots-Ladies-Winter-Thick-Plush-Warm-Snow-Boots.jpg_220x220.jpg,"https://ae04.alicdn.com/kf/Hde9f45e22bf54d04a669634c080ff805m.jpg,https://ae04.alicdn.com/kf/H781e776629c84b1f885d5192362c8ed0z.jpg,https://ae04.alicdn.com/kf/H22acdb0906e448c98d091b5c6fe8ec1dM.jpg,https://ae04.alicdn.com/kf/H0e8e5b773ce94b8faa63a9f63c716beaC.jpg,https://ae04.alicdn.com/kf/Hd9c7349fdabc4f2f9c7cfffda589617ax.jpg,",https://www.aliexpress.com/item/1005002126502884.html,14.35,,8.00%,2098-12-31,null%,https://s.click.aliexpress.com/e/_A9kkRg
Women's Shoes,200133142,Women's Shoes New for 2020 High Quality Pu Leather Safety Fashion Boots Female Vinage Classic Western Boots Botas De Mujer HD138,1005002126710061,https://ae01.alicdn.com/kf/H5c35a3767d7c40dfbe0e20da4a17e9ec9/Women-s-Shoes-New-for-2020-High-Quality-Pu-Leather-Safety-Fashion-Boots-Female-Vinage-Classic.jpg_220x220.jpg,"https://ae04.alicdn.com/kf/H5c35a3767d7c40dfbe0e20da4a17e9ec9.jpg,https://ae04.alicdn.com/kf/H7e0941fad17946889eef6d52acf45be6l.jpg,https://ae04.alicdn.com/kf/H1cd3e3eb797e4ae6a12b3b3278a81e237.jpg,https://ae04.alicdn.com/kf/H0745ad2347c9441891e84a553894eb6cc.jpg,https://ae04.alicdn.com/kf/H6f4114e1f1494ba6aeaabc8bd78d728dy.jpg,",https://www.aliexpress.com/item/1005002126710061.html,27.99,,8.00%,2098-12-31,null%,https://s.click.aliexpress.com/e/_A7G2BC
Women's Shoes,200133142,Elegant Women's Ankle Boots Leather Short Boot Lady Winter High Heel Shoes Wedding Party Formal Dress Shoes England Style 2020,1005002126677085,https://ae01.alicdn.com/kf/Hdb9f2e600f2b4f36bf3d1e94dc305defk/Elegant-Women-s-Ankle-Boots-Leather-Short-Boot-Lady-Winter-High-Heel-Shoes-Wedding-Party-Formal.jpg_220x220.jpg,"https://ae04.alicdn.com/kf/Hdb9f2e600f2b4f36bf3d1e94dc305defk.jpg,https://ae04.alicdn.com/kf/H2bb4bcbb9eaf4cf9a1dcedddb4eeba88p.jpg,https://ae04.alicdn.com/kf/H54aeafb944c144c5b73cc72a069aa07dX.jpg,https://ae04.alicdn.com/kf/Hc642fd7bc5274eaabd54fa74e337f30dw.jpg,https://ae04.alicdn.com/kf/Hbe4c9e450cc944478412171f4331697ek.jpg,",https://www.aliexpress.com/item/1005002126677085.html,12.11,,8.00%,2098-12-31,null%,https://s.click.aliexpress.com/e/_Abu8Ee
Women's Shoes,200133142,Plus Size Ankle Boots Women Platform High Heels Women's Boots Buckle Shoes Thick Heel Short Boot Ladies Drop Shipping 357,1005002126622263,https://ae01.alicdn.com/kf/H1847fd8fff614c5b851824079d88221ei/Plus-Size-Ankle-Boots-Women-Platform-High-Heels-Women-s-Boots-Buckle-Shoes-Thick-Heel-Short.jpg_220x220.jpg,"https://ae04.alicdn.com/kf/H1847fd8fff614c5b851824079d88221ei.jpg,https://ae04.alicdn.com/kf/H53364942142246e1b5d269e1bfe5ded6C.jpg,https://ae04.alicdn.com/kf/Hb0551634f11b41c3a4b77941c59e70a9t.jpg,",https://www.aliexpress.com/item/1005002126622263.html,8.61,,8.00%,2098-12-31,null%,https://s.click.aliexpress.com/e/_AOzcKQ
Women's Shoes,200133142,Winter Shoes Women Leather Ankle Boots Fur Zip Short Boots Female Fashion Ladies Flat Botines Sewing Black Shoes Zapatos Mujer,1005002126384893,https://ae01.alicdn.com/kf/Hb43aec1e63b844e0a9e1ece06011ffb7H/Winter-Shoes-Women-Leather-Ankle-Boots-Fur-Zip-Short-Boots-Female-Fashion-Ladies-Flat-Botines-Sewing.jpg_220x220.jpg,"https://ae04.alicdn.com/kf/Hb43aec1e63b844e0a9e1ece06011ffb7H.jpg,https://ae04.alicdn.com/kf/H0d60e9e5f19e498e9dcd4857f2142874F.jpg,https://ae04.alicdn.com/kf/Hbd22c48d01a04358a979cd7bf88f277d8.jpg,https://ae04.alicdn.com/kf/H63403a539bf44e7f81e0a02be6a0a527f.jpg,https://ae04.alicdn.com/kf/H0f8353f020f04b5f9a1b7865c0ef3c98w.jpg,",https://www.aliexpress.com/item/1005002126384893.html,13.11,,8.00%,2098-12-31,null%,https://s.click.aliexpress.com/e/_AFqoFY
Women's Shoes,200133142,Women Winter Fur Warm Snow Boots Ladies Warm wool booties Ankle Boot Comfortable Shoes plus size 35-43 Casual Women Mid Boots,1005002126407781,https://ae01.alicdn.com/kf/H099a5a8af5d44c5f99b7f91a58de11acQ/Women-Winter-Fur-Warm-Snow-Boots-Ladies-Warm-wool-booties-Ankle-Boot-Comfortable-Shoes-plus-size.jpg_220x220.jpg,"https://ae04.alicdn.com/kf/H099a5a8af5d44c5f99b7f91a58de11acQ.jpg,https://ae04.alicdn.com/kf/H7d8cce3e28e54644b2972b4821871ea36.jpg,https://ae04.alicdn.com/kf/Hc1d5aa16b73f4d7fa1dfc18cfa7056369.jpg,https://ae04.alicdn.com/kf/H1ea869e19fae4483ba4981b5e33928f5t.jpg,https://ae04.alicdn.com/kf/Hd58f3d073ecd4a939cb40418987ed897Z.jpg,",https://www.aliexpress.com/item/1005002126407781.html,8.98,,8.00%,2098-12-31,null%,https://s.click.aliexpress.com/e/_AWKWMS
Women's Shoes,200133142,New Women Winter Cotton Shoes Bowknot Plush Warm Snow Boots Ladies Casual Flat Short Boots Solid Color Furry Females Feetwear,1005002126561208,https://ae01.alicdn.com/kf/Ha125dc223a10440a8edf6ce755e99f84g/New-Women-Winter-Cotton-Shoes-Bowknot-Plush-Warm-Snow-Boots-Ladies-Casual-Flat-Short-Boots-Solid.jpg_220x220.jpg,"https://ae04.alicdn.com/kf/Ha125dc223a10440a8edf6ce755e99f84g.jpg,https://ae04.alicdn.com/kf/Hc0fe241507534125a232ec5eb6b8944dw.jpg,https://ae04.alicdn.com/kf/Haf905f6a264a4f65a5ec4f60be3114b1L.jpg,https://ae04.alicdn.com/kf/H4e5ab938419243958868e7682293a833I.jpg,https://ae04.alicdn.com/kf/Hf07009a875134b818aef472e95a7e534U.jpg,",https://www.aliexpress.com/item/1005002126561208.html,5.99,,8.00%,2098-12-31,null%,https://s.click.aliexpress.com/e/_AkalXy
Women's Shoes,200133142,Boots Women Motorcycle Shoes Platforms Ankle Boots Wedges Female Lace Up Platforms Leather Oxford Shoes Woman High Heels,1005002126553228,https://ae01.alicdn.com/kf/Hcae0f3b240894e94880601a60f6b3268Y/Boots-Women-Motorcycle-Shoes-Platforms-Ankle-Boots-Wedges-Female-Lace-Up-Platforms-Leather-Oxford-Shoes-Woman.jpg_220x220.jpg,"https://ae04.alicdn.com/kf/Hcae0f3b240894e94880601a60f6b3268Y.jpg,https://ae04.alicdn.com/kf/Hc93934433c964f46a736a2b2b14df0bdl.jpg,https://ae04.alicdn.com/kf/Hfa47b41beeab47d1ae1663ce0830cbebt.jpg,https://ae04.alicdn.com/kf/H8d0c0b41845d424f91eddb8a05bda7547.jpg,https://ae04.alicdn.com/kf/Hacce1ea9aaa74b3fa5358918a1365cfbG.jpg,",https://www.aliexpress.com/item/1005002126553228.html,11.16,,8.00%,2098-12-31,null%,https://s.click.aliexpress.com/e/_9xDBUI
Women's Shoes,200133142,Winter White Boots Women Fashion Platform Ankle Boots Strappy Combat Boots Snow Shoes Woman Warm Plush 2020 New Winter Boots,1005002126371833,https://ae01.alicdn.com/kf/H971206a4d1814f9888f67665d3e348b97/Winter-White-Boots-Women-Fashion-Platform-Ankle-Boots-Strappy-Combat-Boots-Snow-Shoes-Woman-Warm-Plush.jpg_220x220.jpg,"https://ae04.alicdn.com/kf/H971206a4d1814f9888f67665d3e348b97.jpg,https://ae04.alicdn.com/kf/H2ea60ca8c14c403fb84b90f61707f6a0Q.jpg,https://ae04.alicdn.com/kf/H4ff28355dfbc4630845053817135a6b9g.jpg,https://ae04.alicdn.com/kf/H4f533bd789ef4935a10db18e3523c4bch.jpg,https://ae04.alicdn.com/kf/H2c16107184734f93a3eb3ca6cc5bc270f.jpg,",https://www.aliexpress.com/item/1005002126371833.html,17.95,,8.00%,2098-12-31,null%,https://s.click.aliexpress.com/e/_AslNHg
Women's Shoes,200133142,Elegant Women Ankle Boots Beige Block High Heels Sock Boots Square Toe Chunky Heels Zipper Boots Lady Autumn Winter Party Shoes,1005002126316813,https://ae01.alicdn.com/kf/H7f698b5508944d3085bc695f970b7be9v/Elegant-Women-Ankle-Boots-Beige-Block-High-Heels-Sock-Boots-Square-Toe-Chunky-Heels-Zipper-Boots.jpg_220x220.jpg,"https://ae04.alicdn.com/kf/H7f698b5508944d3085bc695f970b7be9v.jpg,https://ae04.alicdn.com/kf/Hd2b1e68f09ec4c7f8045983ca2300961V.jpg,https://ae04.alicdn.com/kf/H58c046f4c6834f9dba78603444b3b60dt.jpg,https://ae04.alicdn.com/kf/H65ae76a282d148dda88784c8039edc75L.jpg,https://ae04.alicdn.com/kf/Hc21287c3068d42258e22c8877ca7861fJ.jpg,",https://www.aliexpress.com/item/1005002126316813.html,22.35,,8.00%,2098-12-31,null%,https://s.click.aliexpress.com/e/_9ApJuA
Women's Shoes,200133142,2020 Fashion Luxury Women Chunky 10.5cm High Heels Fetish Sock Boots Soft Leather Block White Heels Ankle Boots Scarpins Shoes,1005002126311864,https://ae01.alicdn.com/kf/H43a306f6ba734bea952ef5d81f7c5ac2C/2020-Fashion-Luxury-Women-Chunky-10-5cm-High-Heels-Fetish-Sock-Boots-Soft-Leather-Block-White.jpg_220x220.jpg,"https://ae04.alicdn.com/kf/H43a306f6ba734bea952ef5d81f7c5ac2C.jpg,https://ae04.alicdn.com/kf/H590485fe625f4835a3fdd731f1b18035R.jpg,https://ae04.alicdn.com/kf/Hdbe3a34067474936938966b7e71118bd8.jpg,https://ae04.alicdn.com/kf/Hff676b9e978a4c8684fb318f760466f3I.jpg,https://ae04.alicdn.com/kf/Hdb72cee51a974ccd83de7814caa51aeeU.jpg,",https://www.aliexpress.com/item/1005002126311864.html,21.48,,8.00%,2098-12-31,null%,https://s.click.aliexpress.com/e/_AtTsgK
Women's Shoes,200133142,2020 INS Fashion Women 7cm Black Block High Heels Long Boots New Winter Warm Knee High Boots Soft Leather Thigh High Boots Shoes,1005002126484221,https://ae01.alicdn.com/kf/H82c0a6fcd4914057a52491a6bebbd7445/2020-INS-Fashion-Women-7cm-Black-Block-High-Heels-Long-Boots-New-Winter-Warm-Knee-High.jpg_220x220.jpg,"https://ae04.alicdn.com/kf/H82c0a6fcd4914057a52491a6bebbd7445.jpg,https://ae04.alicdn.com/kf/Hf35f2ba345ac41dbbc1df23c84d281408.jpg,https://ae04.alicdn.com/kf/H9aefde7c6fbf429ab7efb8adbe0e343bx.jpg,https://ae04.alicdn.com/kf/H7d682cef11d14ebd9ddcf94e0883d11dq.jpg,https://ae04.alicdn.com/kf/H6c64348c6dd04ad98b9a0410defaa501L.jpg,",https://www.aliexpress.com/item/1005002126484221.html,20.29,,8.00%,2098-12-31,null%,https://s.click.aliexpress.com/e/_9IttsW
Women's Shoes,200133142,Leather boots autumn and winter platform shoes long tube short tube Cavalier Chelsea Martin boots women shoes Ladies boot goth,1005002126318719,https://ae01.alicdn.com/kf/H802f33bd3b8944e7b4644bdb46d79d77C/Leather-boots-autumn-and-winter-platform-shoes-long-tube-short-tube-Cavalier-Chelsea-Martin-boots-women.jpg_220x220.jpg,"https://ae04.alicdn.com/kf/H802f33bd3b8944e7b4644bdb46d79d77C.jpg,https://ae04.alicdn.com/kf/Hb8db2c5f385f4651a156204800da810da.jpg,https://ae04.alicdn.com/kf/Hc5b278f40c2445889699bbfbe72d597bZ.jpg,https://ae04.alicdn.com/kf/H3cd9c2e8865f4b429b5a5c63876b83edX.jpg,https://ae04.alicdn.com/kf/Ha7e70f72918e436a8b6c1cdb68f52f2ee.jpg,",https://www.aliexpress.com/item/1005002126318719.html,52.80,,8.00%,2098-12-31,null%,https://s.click.aliexpress.com/e/_9zEzxG
Women's Shoes,200133142,New Stylish Women Walking Shoes Thigh High Boots Female Big Size 34-47 Stretch Faux Slim High Boots Over The Knee Boots Sneakers,1005002126327634,https://ae01.alicdn.com/kf/H61ee023711ff415e8e75e9b438d61344R/New-Stylish-Women-Walking-Shoes-Thigh-High-Boots-Female-Big-Size-34-47-Stretch-Faux-Slim.jpg_220x220.jpg,"https://ae04.alicdn.com/kf/H61ee023711ff415e8e75e9b438d61344R.jpg,https://ae04.alicdn.com/kf/H37767d0916a24462a7db8feb2e791d3dn.jpg,https://ae04.alicdn.com/kf/H1067390121be42e19cc73112d34cfedeG.jpg,https://ae04.alicdn.com/kf/H3d9b4324f76544c99781d50fafffb6acj.jpg,https://ae04.alicdn.com/kf/Hbaeed5208a4e47dcb743f62e97094724b.jpg,",https://www.aliexpress.com/item/1005002126327634.html,24.99,,8.00%,2098-12-31,null%,https://s.click.aliexpress.com/e/_AcUZWK
Women's Shoes,200133142,Eilyken 2021 Autumn Winter Women Boots Stretch Slim Thigh High Boots Fashion Over the Knee Boots High Heels Shoes Woman Sapatos,1005002126337496,https://ae01.alicdn.com/kf/H90de2e4fe4494ac9b468d73adab6a5d7B/Eilyken-2021-Autumn-Winter-Women-Boots-Stretch-Slim-Thigh-High-Boots-Fashion-Over-the-Knee-Boots.jpg_220x220.jpg,"https://ae04.alicdn.com/kf/H90de2e4fe4494ac9b468d73adab6a5d7B.jpg,https://ae04.alicdn.com/kf/H262726158a1849c6b70023af4343cd89c.jpg,https://ae04.alicdn.com/kf/Hec3b44d9c82846638298a66df2cea3d09.jpg,https://ae04.alicdn.com/kf/H00a38071ef22429a85ccdc9e638a5e51d.jpg,https://ae04.alicdn.com/kf/H3e094bf003b94ce4ade9b53fb537597aU.jpg,",https://www.aliexpress.com/item/1005002126337496.html,24.39,,8.00%,2098-12-31,null%,https://s.click.aliexpress.com/e/_APYRJ4
Women's Shoes,200133142,Size 34-43 New 2020 Over the Knee Boots Women Faux Suede Thigh High Boots Platform Stretch Slim Sexy Ladies Women's Winter Boots,1005002126153951,https://ae01.alicdn.com/kf/Hcadab872fe40415e957fcf717534c66aD/Size-34-43-New-2020-Over-the-Knee-Boots-Women-Faux-Suede-Thigh-High-Boots-Platform.jpg_220x220.jpg,"https://ae04.alicdn.com/kf/Hcadab872fe40415e957fcf717534c66aD.jpg,https://ae04.alicdn.com/kf/H9a72a72a25c54023af2ce2e10bb3148eM.jpg,https://ae04.alicdn.com/kf/H2fed8617aa0b4fbbafeb885d8742fd88z.jpg,https://ae04.alicdn.com/kf/Ha3b0374841d94a55a087623711217e60l.jpg,https://ae04.alicdn.com/kf/H7d4cbcdfd4994b358a32bd367a498870w.jpg,",https://www.aliexpress.com/item/1005002126153951.html,36.89,,8.00%,2098-12-31,null%,https://s.click.aliexpress.com/e/_9yPaP0
Women's Shoes,200133142,2020 Winter Classic 14-eye Women Unisex Martins Boots Waterproof Fur Black High Top Smooth Leather Man Mens Motocyle Boots Shoes,1005002126339301,https://ae01.alicdn.com/kf/H96b8176ad3b043e0bade2a0b560f4bc8w/2020-Winter-Classic-14-eye-Women-Unisex-Martins-Boots-Waterproof-Fur-Black-High-Top-Smooth-Leather.jpg_220x220.jpg,"https://ae04.alicdn.com/kf/H96b8176ad3b043e0bade2a0b560f4bc8w.jpg,https://ae04.alicdn.com/kf/H202cf9ad701e4217b53cfc513405dff11.jpg,https://ae04.alicdn.com/kf/Hb2f355a73067447f90ef928bf9fc0ad9x.jpg,https://ae04.alicdn.com/kf/H3097e58322284785b7d9b4c345d5763ap.jpg,https://ae04.alicdn.com/kf/H5a2f9ca85a52461abeb6e9b61ef42439S.jpg,",https://www.aliexpress.com/item/1005002126339301.html,46.57,,8.00%,2098-12-31,null%,https://s.click.aliexpress.com/e/_Ar10tM
Women's Shoes,200133142,Unisex Pokemon Women Cartoon Slippers Lovers Warm Woman Slippers Mouse Pattern Plush Shoes Ladies/men Home House Slippers,1005002126383008,https://ae01.alicdn.com/kf/H29585a7b6f1646ea933cd43114d40930D/Unisex-Pokemon-Women-Cartoon-Slippers-Lovers-Warm-Woman-Slippers-Mouse-Pattern-Plush-Shoes-Ladies-men-Home.jpg_220x220.jpg,"https://ae04.alicdn.com/kf/H29585a7b6f1646ea933cd43114d40930D.jpg,https://ae04.alicdn.com/kf/Hdbbe78aceb744e18a781ef74611c0185T.jpg,https://ae04.alicdn.com/kf/H0b3885bf2eda4985a645f99373cb33cal.jpg,https://ae04.alicdn.com/kf/H05b9a209205e4b04a7884d972799dd5b3.jpg,https://ae04.alicdn.com/kf/H16cf2728a7b44b09a4f71efd69548fc6v.jpg,",https://www.aliexpress.com/item/1005002126383008.html,11.97,,8.00%,2098-12-31,null%,https://s.click.aliexpress.com/e/_AO3ey6
Women's Shoes,200133142,Women Crystal Lace Zip Mesh Pumps Woman High Heels Summer Female Shoes Classics Solid Platform Sandals Ladies Party Shoes rty67,1005002126304254,https://ae01.alicdn.com/kf/H786e7313102b4f4394a0c5c923c7cfa6p/Women-Crystal-Lace-Zip-Mesh-Pumps-Woman-High-Heels-Summer-Female-Shoes-Classics-Solid-Platform-Sandals.jpg_220x220.jpg,"https://ae04.alicdn.com/kf/H786e7313102b4f4394a0c5c923c7cfa6p.jpg,https://ae04.alicdn.com/kf/H6bad3d901a6249ecbb070bb2409f21c7r.jpg,https://ae04.alicdn.com/kf/H06a9a798bdd64ae9acc689f2c0c9effd9.jpg,https://ae04.alicdn.com/kf/H2ae945886a3c491a8bc4d6073c17ae26w.jpg,https://ae04.alicdn.com/kf/H8bbbd214769846c8bfd1e87d680e0fbfT.jpg,",https://www.aliexpress.com/item/1005002126304254.html,14.70,,8.00%,2098-12-31,null%,https://s.click.aliexpress.com/e/_AVc71u
Women's Shoes,200133142,Spring New Style Mesh Breathable Women's Casual Sports Shoes 2021 Fashion Platform Vulcanized Women's Shoes zapatos de mujer Z,1005002116691531,https://ae01.alicdn.com/kf/Hb5fd2056fa9448169b84f3f147c03b66N/Spring-New-Style-Mesh-Breathable-Women-s-Casual-Sports-Shoes-2021-Fashion-Platform-Vulcanized-Women-s.jpg_220x220.jpg,"https://ae04.alicdn.com/kf/Hb5fd2056fa9448169b84f3f147c03b66N.jpg,https://ae04.alicdn.com/kf/H7f321ee810c440cfb219aa159fbfbddeE.jpg,https://ae04.alicdn.com/kf/Haee47684ce3540e8bb81e176e3d55dcd0.jpg,https://ae04.alicdn.com/kf/H9fef9ec552ed4abba5d8310524d9e4cac.jpg,https://ae04.alicdn.com/kf/H003088fa34bc49099dd05ff388794b053.jpg,",https://www.aliexpress.com/item/1005002116691531.html,33.74,14.17,10.00%,2098-12-31,58%,https://s.click.aliexpress.com/e/_9Gr0RY
Women's Shoes,200133142,2020 New Winter Women's Boots Fashionable Pull-on High-heeled Suede Boots Round-toe Inner-increasing Square-heeled Women's Boots,1005002120572656,https://ae01.alicdn.com/kf/Ha4f385359495465c878f8730980ee5dcC/2020-New-Winter-Women-s-Boots-Fashionable-Pull-on-High-heeled-Suede-Boots-Round-toe-Inner.jpg_220x220.jpg,"https://ae04.alicdn.com/kf/Ha4f385359495465c878f8730980ee5dcC.jpg,https://ae04.alicdn.com/kf/H52fb9f9501ae43bea175ef314b1a50d3W.jpg,https://ae04.alicdn.com/kf/He4f0739748334699a9bae88c087749a0o.jpg,https://ae04.alicdn.com/kf/H668c7ef853e345dcbd02f31bfc23ef24M.jpg,https://ae04.alicdn.com/kf/H3416f51dae8747c1aaed098abeb726ccv.jpg,",https://www.aliexpress.com/item/1005002120572656.html,27.57,11.58,10.00%,2098-12-31,58%,https://s.click.aliexpress.com/e/_ApLJ2S
Women's Shoes,200133142,JUNSRM 2021 New ankle boots women's shoes genuine leather boots embroidery ethnic bohemia zipper spring autumn ladies botas,1005002120652426,https://ae01.alicdn.com/kf/Hc322b86d85014498ad9c873193dff754g/JUNSRM-2021-New-ankle-boots-women-s-shoes-genuine-leather-boots-embroidery-ethnic-bohemia-zipper-spring.jpg_220x220.jpg,"https://ae04.alicdn.com/kf/Hc322b86d85014498ad9c873193dff754g.jpg,https://ae04.alicdn.com/kf/Hcbff3bae6cd84aaeac6b1232b01ea97fb.jpg,https://ae04.alicdn.com/kf/Hcd1e4fd84a2c472b97b0c1b9f27c818eN.jpg,https://ae04.alicdn.com/kf/H56e80074131c444f9d3ac621643c15cbB.jpg,https://ae04.alicdn.com/kf/H6af023514c504c7cac513d00b18dae06B.jpg,",https://www.aliexpress.com/item/1005002120652426.html,39.41,16.55,10.00%,2098-12-31,58%,https://s.click.aliexpress.com/e/_A80nTM
Women's Shoes,200133142,2020 New Fashion Spring Autumn Platform Ankle Boots Women Thick Heel Platform Boots Ladies Worker Boots Black Plus Size 35-42,1005002120623471,https://ae01.alicdn.com/kf/Hef729c826c3740899378e4208c331fcaf/2020-New-Fashion-Spring-Autumn-Platform-Ankle-Boots-Women-Thick-Heel-Platform-Boots-Ladies-Worker-Boots.jpg_220x220.jpg,"https://ae04.alicdn.com/kf/Hef729c826c3740899378e4208c331fcaf.jpg,https://ae04.alicdn.com/kf/H69b53816febf450db2294ab23a33dde4Z.jpg,https://ae04.alicdn.com/kf/H232186559ace454a9e0f9da0317106bfm.jpg,https://ae04.alicdn.com/kf/H3373e8ab88e344ea9e8825feb6dee3e03.jpg,https://ae04.alicdn.com/kf/H8bafdba9f6e7486694773aafd6cbca07X.jpg,",https://www.aliexpress.com/item/1005002120623471.html,27.20,11.42,10.00%,2098-12-31,58%,https://s.click.aliexpress.com/e/_AKnqmA
Women's Shoes,200133142,2020 Fashion Pointed Toe Mules Women Summer Slippers Candy Color Flats Slip-on Holiday Ladies Sandals Slides PU Women Shoes,1005002120659103,https://ae01.alicdn.com/kf/Hf6f47ec3d4b948c5accd2b82a36f9c987/2020-Fashion-Pointed-Toe-Mules-Women-Summer-Slippers-Candy-Color-Flats-Slip-on-Holiday-Ladies-Sandals.jpg_220x220.jpg,"https://ae04.alicdn.com/kf/Hf6f47ec3d4b948c5accd2b82a36f9c987.jpg,https://ae04.alicdn.com/kf/H121485c4451446ce810cc05d8da02cc6d.jpg,https://ae04.alicdn.com/kf/He9b29d6330334453b22b076c93e2d0b8K.jpg,https://ae04.alicdn.com/kf/Hdea0a95859a6408c83baab1e1983d689l.jpg,https://ae04.alicdn.com/kf/H4d8b1401ff1043c58687ef571f7d9b616.jpg,",https://www.aliexpress.com/item/1005002120659103.html,11.00,4.62,10.00%,2098-12-31,58%,https://s.click.aliexpress.com/e/_AASBwK
Women's Shoes,200133142,2021 New Fashion Women Sneakers Trainers Sneakers Women Casual Shoes Grils Wedges Canvas Shoes,1005002120498558,https://ae01.alicdn.com/kf/Hc7a07f5479ad47b0866904041a95f91bT/2021-New-Fashion-Women-Sneakers-Trainers-Sneakers-Women-Casual-Shoes-Grils-Wedges-Canvas-Shoes.jpg_220x220.jpg,"https://ae04.alicdn.com/kf/Hc7a07f5479ad47b0866904041a95f91bT.jpg,https://ae04.alicdn.com/kf/H1f234ee953aa4e0b99755cd2a4a5d7dct.jpg,https://ae04.alicdn.com/kf/Hb9b813550af74008b3655c466888ee4dD.jpg,https://ae04.alicdn.com/kf/H8dac5138347e47e1b9663b4f7aaf9ab7e.jpg,https://ae04.alicdn.com/kf/H7e8491257f4844a78ffd95ab32a1add6v.jpg,",https://www.aliexpress.com/item/1005002120498558.html,18.05,7.58,10.00%,2098-12-31,58%,https://s.click.aliexpress.com/e/_9zGxKE
Women's Shoes,200133142,2020 New Women sneakers Fashion Autumn women Casual Shoes Breathable Women Platform Dad Shoes Sneakers zapatillas mujer Femme,1005002120563179,https://ae01.alicdn.com/kf/Hd666981a2b4e49dc866b4a1fd5847d98Z/2020-New-Women-sneakers-Fashion-Autumn-women-Casual-Shoes-Breathable-Women-Platform-Dad-Shoes-Sneakers-zapatillas.jpg_220x220.jpg,"https://ae04.alicdn.com/kf/Hd666981a2b4e49dc866b4a1fd5847d98Z.jpg,https://ae04.alicdn.com/kf/Ha9fcbfd0f463498985952affecb4d66fR.jpg,https://ae04.alicdn.com/kf/H9f6d5b0a11d8470792f907c2cbb1e5ecQ.jpg,https://ae04.alicdn.com/kf/H9acca57383ed40b593423b26a4e35cb2U.jpg,https://ae04.alicdn.com/kf/Hdfaeb584e81844428058b714bee910fed.jpg,",https://www.aliexpress.com/item/1005002120563179.html,21.98,9.23,10.00%,2098-12-31,58%,https://s.click.aliexpress.com/e/_Ak8Fe2
Women's Shoes,200133142,Wedge Boots Women Winter New Plus Plush Zipper Ladies Warm Platform Shoes Leopard Larged-Size 35-43 Female Cotton Snow Boots,1005002120523150,https://ae01.alicdn.com/kf/H30395af0a25549daae92f70bf57335e1d/Wedge-Boots-Women-Winter-New-Plus-Plush-Zipper-Ladies-Warm-Platform-Shoes-Leopard-Larged-Size-35.jpg_220x220.jpg,"https://ae04.alicdn.com/kf/H30395af0a25549daae92f70bf57335e1d.jpg,https://ae04.alicdn.com/kf/H919ea064342d483ab7cbd0ab10f99eb36.jpg,https://ae04.alicdn.com/kf/H882f53dfdf8740a39e7038af3d6787b70.jpg,https://ae04.alicdn.com/kf/Hbb7517a179604b569908078d9e99fd6ad.jpg,https://ae04.alicdn.com/kf/H59ed406187bd41638c9b5f2b97ca92a6s.jpg,",https://www.aliexpress.com/item/1005002120523150.html,30.34,12.74,10.00%,2098-12-31,58%,https://s.click.aliexpress.com/e/_AXg1rk
Women's Shoes,200133142,Women Sneakers 2020 Summer Autumn High Heels Ladies Casual Shoes Women Wedges platform shoes Female Thick Bottom Trainers,1005002120525026,https://ae01.alicdn.com/kf/Hb2276323a1784a71ac24ea173d16a18fd/Women-Sneakers-2020-Summer-Autumn-High-Heels-Ladies-Casual-Shoes-Women-Wedges-platform-shoes-Female-Thick.jpg_220x220.jpg,"https://ae04.alicdn.com/kf/Hb2276323a1784a71ac24ea173d16a18fd.jpg,https://ae04.alicdn.com/kf/Hf330c5fdbce7483c88fb8a210441ba0ay.jpg,https://ae04.alicdn.com/kf/Hedad8a2469e747e8bf6760b43019e545B.jpg,https://ae04.alicdn.com/kf/Hc411927a79cc43dc8f505b6fc9c64f8ej.jpg,https://ae04.alicdn.com/kf/Hb29715a6d3264d938e50d6a4e9bac9c88.jpg,",https://www.aliexpress.com/item/1005002120525026.html,23.64,9.93,10.00%,2098-12-31,58%,https://s.click.aliexpress.com/e/_AeW1zs
Women's Shoes,200133142,Fashion Women Sneakers Vulcanized Shoes Ladies  Casual Shoes Breathable Walking Mesh Flats Large Size Couple Shoes Plus size,1005002120385426,https://ae01.alicdn.com/kf/H13edb3a434724464a2036ddc25a15de55/Fashion-Women-Sneakers-Vulcanized-Shoes-Ladies-Casual-Shoes-Breathable-Walking-Mesh-Flats-Large-Size-Couple-Shoes.jpg_220x220.jpg,"https://ae04.alicdn.com/kf/H13edb3a434724464a2036ddc25a15de55.jpg,https://ae04.alicdn.com/kf/H15d0a2bad6184d5f814080f025526857Q.jpg,https://ae04.alicdn.com/kf/Hfcc40efb778c402abc06cf923c4e955dA.jpg,https://ae04.alicdn.com/kf/H672a57466e6b4fe1b43aba32e25460d0i.jpg,https://ae04.alicdn.com/kf/H99f70c8923c147ee96721a2645f5d163a.jpg,",https://www.aliexpress.com/item/1005002120385426.html,20.66,8.68,10.00%,2098-12-31,58%,https://s.click.aliexpress.com/e/_9H9Lw2
Women's Shoes,200133142,Women Lace Up Mesh Sneaker 2020 Woman Breathable Vulcanized Women's Casual Flat Ladies Comfortable Female Tennis Shoes Plus Size,1005002120384421,https://ae01.alicdn.com/kf/H9ba29660d9d1499f9faf13248fd9eff6z/Women-Lace-Up-Mesh-Sneaker-2020-Woman-Breathable-Vulcanized-Women-s-Casual-Flat-Ladies-Comfortable-Female.jpg_220x220.jpg,"https://ae04.alicdn.com/kf/H9ba29660d9d1499f9faf13248fd9eff6z.jpg,https://ae04.alicdn.com/kf/H18f8603aca5b41e4b8920cfca681f36aZ.jpg,https://ae04.alicdn.com/kf/H3a664e0123924d7394bb306b4c5d1131M.jpg,https://ae04.alicdn.com/kf/Hf15e3eab5956484da71b9a30e92889eau.jpg,https://ae04.alicdn.com/kf/Hf6049f787e4744e7ad2bc492957508dcD.jpg,",https://www.aliexpress.com/item/1005002120384421.html,30.16,12.67,10.00%,2098-12-31,58%,https://s.click.aliexpress.com/e/_A2hilk
Women's Shoes,200133142,New Black no stock 2020 Spring and summer Designer Wedges Red Black Platform Sneakers Women Shoes Casual Air Mesh Female Shoes,1005002120042273,https://ae01.alicdn.com/kf/H6cf0e12d2d8d48328e5d512f716c3990K/New-Black-no-stock-2020-Spring-and-summer-Designer-Wedges-Red-Black-Platform-Sneakers-Women-Shoes.jpg_220x220.jpg,"https://ae04.alicdn.com/kf/H6cf0e12d2d8d48328e5d512f716c3990K.jpg,https://ae04.alicdn.com/kf/H8d5f4ad1ebb3432f964b7544769479bbV.jpg,https://ae04.alicdn.com/kf/H4af6b7bc15a342f2bf44fbb787574501F.jpg,https://ae04.alicdn.com/kf/H5d6906a8d7e441408b4904006b0e6879w.jpg,https://ae04.alicdn.com/kf/Ha20c4e4b2594409d9838d6d5415e3f6aK.jpg,",https://www.aliexpress.com/item/1005002120042273.html,13.07,5.49,10.00%,2098-12-31,58%,https://s.click.aliexpress.com/e/_A9IEOe
Women's Shoes,200133142,Fashion New Women Flats loafers Ladies Slip-On Patent Leather Woman Shoes new arrive spring autumn winter women's sneaker,1005002119867594,https://ae01.alicdn.com/kf/H3398d4459a7a4cf0aac34646e198d7d4p/Fashion-New-Women-Flats-loafers-Ladies-Slip-On-Patent-Leather-Woman-Shoes-new-arrive-spring-autumn.jpg_220x220.jpg,"https://ae04.alicdn.com/kf/H3398d4459a7a4cf0aac34646e198d7d4p.jpg,https://ae04.alicdn.com/kf/H45b2bdad1b1c47bc9bac42cd3e0f7881U.jpg,https://ae04.alicdn.com/kf/He1bad8818d7a4c4195dfadb67b1875f9R.jpg,https://ae04.alicdn.com/kf/H4f16b8af073347d8b9804046943533f7X.jpg,https://ae04.alicdn.com/kf/H9833826f39ad45109d9b4de51d022156g.jpg,",https://www.aliexpress.com/item/1005002119867594.html,19.54,8.21,10.00%,2098-12-31,58%,https://s.click.aliexpress.com/e/_AdwU1c
Women's Shoes,200133142,Fashion Women's Mules Outdoor Summer Slippers Flats Slip On Flats Lace Up Flats Spring Lady Slides White Sneakers Sport Slipper,1005002119788785,https://ae01.alicdn.com/kf/H29d20487d2244b24a483d03a84ccee59o/Fashion-Women-s-Mules-Outdoor-Summer-Slippers-Flats-Slip-On-Flats-Lace-Up-Flats-Spring-Lady.jpg_220x220.jpg,"https://ae04.alicdn.com/kf/H29d20487d2244b24a483d03a84ccee59o.jpg,https://ae04.alicdn.com/kf/Hd2c33a89b67c40dcbd20c4b6f1d0f2b4h.jpg,https://ae04.alicdn.com/kf/Hcc41122a11794fbe8b13c14498dcea5eM.jpg,https://ae04.alicdn.com/kf/Hf6c73fc67ada4be29da0de7a04db5169H.jpg,https://ae04.alicdn.com/kf/Hf368d1696a304e2b8b150739177880e2x.jpg,",https://www.aliexpress.com/item/1005002119788785.html,16.95,7.12,10.00%,2098-12-31,58%,https://s.click.aliexpress.com/e/_A0Qwhy
Women's Shoes,200133142,Elegant Square Toe Shoes Woman Genuine Leather Cross Tied High Heels Ankle Boots For Women Wedding Party Winter Shoes,1005002119921138,https://ae01.alicdn.com/kf/H12f3180aedfe4e10bd9ee9071c971384g/Elegant-Square-Toe-Shoes-Woman-Genuine-Leather-Cross-Tied-High-Heels-Ankle-Boots-For-Women-Wedding.jpg_220x220.jpg,"https://ae04.alicdn.com/kf/H12f3180aedfe4e10bd9ee9071c971384g.jpg,https://ae04.alicdn.com/kf/H399d72c1282c4dae84a7060f66aebbd8U.jpg,https://ae04.alicdn.com/kf/Ha16476762aad47cc865e9d755b28d4362.jpg,https://ae04.alicdn.com/kf/H2e1e8062ff4447a78467da8574ed9c212.jpg,https://ae04.alicdn.com/kf/H4a8162ce22c24d04b0ccb838395ea053F.jpg,",https://www.aliexpress.com/item/1005002119921138.html,24.47,10.28,10.00%,2098-12-31,58%,https://s.click.aliexpress.com/e/_9g3gp8
Women's Shoes,200133142,Women Gothic Ankle Boots ZIP Punk Style Platform Shoes Goth Winter Lace-up Booties Chunky Heel Sexy Chain 2020 p444,1005002120076223,https://ae01.alicdn.com/kf/H76fb474b159f4da2b4cf5254deddc8c2o/Women-Gothic-Ankle-Boots-ZIP-Punk-Style-Platform-Shoes-Goth-Winter-Lace-up-Booties-Chunky-Heel.jpg_220x220.jpg,"https://ae04.alicdn.com/kf/H76fb474b159f4da2b4cf5254deddc8c2o.jpg,https://ae04.alicdn.com/kf/H11df69cd6ddd48f8aab70d527141e450O.jpg,https://ae04.alicdn.com/kf/H13651ea0fe4e45eb99945d1b77529f8fL.jpg,https://ae04.alicdn.com/kf/H9dfc6021cc8e4d5d8a0ea6c04329d2427.jpg,https://ae04.alicdn.com/kf/Ha4d14902436640c2a7b89e81595d8b5bP.jpg,",https://www.aliexpress.com/item/1005002120076223.html,38.86,16.32,10.00%,2098-12-31,58%,https://s.click.aliexpress.com/e/_AcKXIa
Women's Shoes,200133142,Flat Bottom Rhinestone Women Sports Shoes Ladies Thick Sole Lace-up Sneakers Women Fashion Athletic Tennis Shoes,1005002120299597,https://ae01.alicdn.com/kf/Hd69b4b874e554757af477d2662b53568m/Flat-Bottom-Rhinestone-Women-Sports-Shoes-Ladies-Thick-Sole-Lace-up-Sneakers-Women-Fashion-Athletic-Tennis.jpg_220x220.jpg,"https://ae04.alicdn.com/kf/Hd69b4b874e554757af477d2662b53568m.jpg,https://ae04.alicdn.com/kf/Hb9bcc764e9c54a81982d5c5ccb17f0144.jpg,https://ae04.alicdn.com/kf/H1075535ba75e41f3addd1646dde1b928F.jpg,https://ae04.alicdn.com/kf/Hb3eee00d70544b70ac5ca3e2a059b192n.jpg,https://ae04.alicdn.com/kf/Hd28d4ae9fdc7490ab5dba78c563dc3dbF.jpg,",https://www.aliexpress.com/item/1005002120299597.html,32.65,13.71,10.00%,2098-12-31,58%,https://s.click.aliexpress.com/e/_As9tT8
Women's Shoes,200133142,JUNSRM 2020 Platform Shoes Autumn Harajuku Gothic Punk Black Shoes High Platform Lolita Wedges Pumps,1005002119954080,https://ae01.alicdn.com/kf/H33d33b2fd86d42d4b9dc3cbd1027e4aeb/JUNSRM-2020-Platform-Shoes-Autumn-Harajuku-Gothic-Punk-Black-Shoes-High-Platform-Lolita-Wedges-Pumps.jpg_220x220.jpg,"https://ae04.alicdn.com/kf/H33d33b2fd86d42d4b9dc3cbd1027e4aeb.jpg,https://ae04.alicdn.com/kf/H6ac2e7b8eeba48bea3cc7e01b210ac86M.jpg,https://ae04.alicdn.com/kf/H7fe92fa8b45f48ba9e9008d473b4d7dc4.jpg,https://ae04.alicdn.com/kf/H450356ad9c084bc5b0aaab2ae47badf6O.jpg,https://ae04.alicdn.com/kf/Hfcce5459f22d4c02a7960089df5e8bb6e.jpg,",https://www.aliexpress.com/item/1005002119954080.html,72.30,30.37,10.00%,2098-12-31,58%,https://s.click.aliexpress.com/e/_9GJM9U
Women's Shoes,200133142,JUNSRM 2020 Platform Shoes Spring Autumn Harajuku Gothic Punk Black Shoes High Platform Lolita Shoes Wedges Autumn Shoe,1005002119831123,https://ae01.alicdn.com/kf/H2b9a09aea04d4d4592a2abb98946ffcfX/JUNSRM-2020-Platform-Shoes-Spring-Autumn-Harajuku-Gothic-Punk-Black-Shoes-High-Platform-Lolita-Shoes-Wedges.jpg_220x220.jpg,"https://ae04.alicdn.com/kf/H2b9a09aea04d4d4592a2abb98946ffcfX.jpg,https://ae04.alicdn.com/kf/H10c17f81ad1840e188f58b1ac3b55326x.jpg,https://ae04.alicdn.com/kf/Ha67b79888e084f4889b343221fbbdfe1L.jpg,https://ae04.alicdn.com/kf/H8d9149675a4b4675bbd36e21d6e7d4711.jpg,https://ae04.alicdn.com/kf/H350b45800b814321ac8dfee84b1558c0u.jpg,",https://www.aliexpress.com/item/1005002119831123.html,62.25,26.15,10.00%,2098-12-31,58%,https://s.click.aliexpress.com/e/_ApxiQO
Women's Shoes,200133142,Summer Women Slippers Solid Leather Woman Sandal Open Toe Flat Casual Slides Outdoor Beach Female Flip Flops Plus Big Size 40,1005002119809919,https://ae01.alicdn.com/kf/Hcd7294ab16234d08b3c797291cb19e6au/Summer-Women-Slippers-Solid-Leather-Woman-Sandal-Open-Toe-Flat-Casual-Slides-Outdoor-Beach-Female-Flip.jpg_220x220.jpg,"https://ae04.alicdn.com/kf/Hcd7294ab16234d08b3c797291cb19e6au.jpg,https://ae04.alicdn.com/kf/H0e46b18ff0274001925c231b5156990ee.jpg,https://ae04.alicdn.com/kf/Hbd33f74320344da8ad89b1d6581b7cfa2.jpg,https://ae04.alicdn.com/kf/H50f5e23be1b1444c98521bd68fc82eb7h.jpg,https://ae04.alicdn.com/kf/Ha04e4e819b2d4657937e7fbe1e76c222n.jpg,",https://www.aliexpress.com/item/1005002119809919.html,13.00,5.46,10.00%,2098-12-31,58%,https://s.click.aliexpress.com/e/_A9aFps
Women's Shoes,200133142,Dovereiss Fashion Women's Shoes summer concise clear heels sexy Apricot Flowers New Pointed toe Stilettos heels Ankle boots33-40,1005002126481185,https://ae01.alicdn.com/kf/H8b2e0edc50174c0eb9e2a85e06edab07J/Dovereiss-Fashion-Women-s-Shoes-summer-concise-clear-heels-sexy-Apricot-Flowers-New-Pointed-toe-Stilettos.jpg_220x220.jpg,"https://ae04.alicdn.com/kf/H8b2e0edc50174c0eb9e2a85e06edab07J.jpg,https://ae04.alicdn.com/kf/H39df7635bf7940cbb454df47e824f6577.jpg,https://ae04.alicdn.com/kf/H6a6a285aa6f7454d9fb25851cf15d57bc.jpg,https://ae04.alicdn.com/kf/H609902a49699432e848fc00450599f3fP.jpg,https://ae04.alicdn.com/kf/H7124e94730c249ecae9ef0b6e7e529b1c.jpg,",https://www.aliexpress.com/item/1005002126481185.html,113.00,58.76,8.00%,2098-12-31,48%,https://s.click.aliexpress.com/e/_9w3CsE
Women's Shoes,200133142,Dovereiss Fashion Women's Shoes summer new Elegant  Slip on Peep toe Pumps Waterproof sexy Office lady Party shoes 33-40,1005002126427099,https://ae01.alicdn.com/kf/Hd0c67b0524e1456b96b36440ef5e56406/Dovereiss-Fashion-Women-s-Shoes-summer-new-Elegant-Slip-on-Peep-toe-Pumps-Waterproof-sexy-Office.jpg_220x220.jpg,"https://ae04.alicdn.com/kf/Hd0c67b0524e1456b96b36440ef5e56406.jpg,https://ae04.alicdn.com/kf/H43eba09fa98d4b2b983d8f81a55e66dbQ.jpg,https://ae04.alicdn.com/kf/Hf57428ac3f47465baefe9581c4649a4cx.jpg,https://ae04.alicdn.com/kf/H588ad8215fc24565bea4b9e6b891f289M.jpg,https://ae04.alicdn.com/kf/H4d2b991a33ac4345ac18dff15e25efb2o.jpg,",https://www.aliexpress.com/item/1005002126427099.html,113.00,58.76,8.00%,2098-12-31,48%,https://s.click.aliexpress.com/e/_AODdm2
Women's Shoes,200133142,Dovereiss Fashion Women's Shoes summer Elegant Ladies Pointed toe Mature  Back buckle Block heelsWomen Sandals 31-45,1005002126200827,https://ae01.alicdn.com/kf/Hb1440dfea500430b943cc767931124ced/Dovereiss-Fashion-Women-s-Shoes-summer-Elegant-Ladies-Pointed-toe-Mature-Back-buckle-Block-heelsWomen-Sandals.jpg_220x220.jpg,"https://ae04.alicdn.com/kf/Hb1440dfea500430b943cc767931124ced.jpg,https://ae04.alicdn.com/kf/H98aebf46874f4ba586b9c88e3a813ca0k.jpg,https://ae04.alicdn.com/kf/H3352bf4f932748d2b706beba02aa5212D.jpg,https://ae04.alicdn.com/kf/H365e9524e1c4489090cbcde3d0bc7e82k.jpg,https://ae04.alicdn.com/kf/Hc31b06cc7f1f44d8b6b53e2380ba578e1.jpg,",https://www.aliexpress.com/item/1005002126200827.html,104.00,54.08,8.00%,2098-12-31,48%,https://s.click.aliexpress.com/e/_99Lu8a
Women's Shoes,200133142,Dovereiss Fashion Women's Shoes summer consice sexy Square toe Mules Elegant Chunky heels Slippers 31-43,1005002126302326,https://ae01.alicdn.com/kf/H45afdc5048ba49169b45c1692db5d92ck/Dovereiss-Fashion-Women-s-Shoes-summer-consice-sexy-Square-toe-Mules-Elegant-Chunky-heels-Slippers-31.jpg_220x220.jpg,"https://ae04.alicdn.com/kf/H45afdc5048ba49169b45c1692db5d92ck.jpg,https://ae04.alicdn.com/kf/Hb940ab5f902a4258ace8123efcad09a5X.jpg,https://ae04.alicdn.com/kf/H3739706d470443dc831d77ccc37850df3.jpg,https://ae04.alicdn.com/kf/H09873d8e64df4ad8a7d8edba49b956d5g.jpg,https://ae04.alicdn.com/kf/H02ef8b335f72448486ba96064a91901fj.jpg,",https://www.aliexpress.com/item/1005002126302326.html,100.00,52.00,8.00%,2098-12-31,48%,https://s.click.aliexpress.com/e/_AbA6t8
Women's Shoes,200133142,Dovereiss Fashion Women's Shoes Winter  new Pointed toe Mules Pure color  consice sexy Elegant flats Slippers 31-45,1005002126218547,https://ae01.alicdn.com/kf/H316249e1ef414302ab99d9ebd778fb5f9/Dovereiss-Fashion-Women-s-Shoes-Winter-new-Pointed-toe-Mules-Pure-color-consice-sexy-Elegant-flats.jpg_220x220.jpg,"https://ae04.alicdn.com/kf/H316249e1ef414302ab99d9ebd778fb5f9.jpg,https://ae04.alicdn.com/kf/H20a0af8ba0dd40af8bcf106b47d69314l.jpg,https://ae04.alicdn.com/kf/H7ae7bbc9589840cf88b127949a1e2248T.jpg,https://ae04.alicdn.com/kf/H1a7e5fb2f2b94371b73e6e23f10994f9o.jpg,https://ae04.alicdn.com/kf/Hf697e99f90694a8c8d8906e586d75f376.jpg,",https://www.aliexpress.com/item/1005002126218547.html,96.00,49.92,8.00%,2098-12-31,48%,https://s.click.aliexpress.com/e/_AVUXnG
Women's Shoes,200133142,Dovereiss Fashion Women's Shoes summer Elegant Pure color Yellow White consice  Office lady  Block heels Pumps sexy 31-46,1005002126174462,https://ae01.alicdn.com/kf/H38edd9d8924b42b4a9a2452403f0b479V/Dovereiss-Fashion-Women-s-Shoes-summer-Elegant-Pure-color-Yellow-White-consice-Office-lady-Block-heels.jpg_220x220.jpg,"https://ae04.alicdn.com/kf/H38edd9d8924b42b4a9a2452403f0b479V.jpg,https://ae04.alicdn.com/kf/Hfc3efa13f9dc46419e5735371c0fb486d.jpg,https://ae04.alicdn.com/kf/Hac4c36319fdc4a00b56805f083843f15z.jpg,https://ae04.alicdn.com/kf/H37ff530026994fb59b9979d073576e9et.jpg,https://ae04.alicdn.com/kf/Hbd796115fd5b425f942b6a8e6d74f737K.jpg,",https://www.aliexpress.com/item/1005002126174462.html,106.00,55.12,8.00%,2098-12-31,48%,https://s.click.aliexpress.com/e/_AsbMBs
Women's Shoes,200133142,Dovereiss Fashion Women's Shoes summer silver light gold  new Elegant  Slip on sexy Pumps sexy Office lady Party shoes 31-46,1005002122094061,https://ae01.alicdn.com/kf/H44da5bf86acb4651ae2505d43c7f33ffB/Dovereiss-Fashion-Women-s-Shoes-summer-silver-light-gold-new-Elegant-Slip-on-sexy-Pumps-sexy.jpg_220x220.jpg,"https://ae04.alicdn.com/kf/H44da5bf86acb4651ae2505d43c7f33ffB.jpg,https://ae04.alicdn.com/kf/Hc479da0436b04235831452729307dc49A.jpg,https://ae04.alicdn.com/kf/He2e45d9e394049b793a228c661b67ba1L.jpg,https://ae04.alicdn.com/kf/Hd5189fbac7fb41109c269da096005310w.jpg,https://ae04.alicdn.com/kf/Hbc986158aaf7426ab33d9b64ca6ad6a3W.jpg,",https://www.aliexpress.com/item/1005002122094061.html,103.00,53.56,8.00%,2098-12-31,48%,https://s.click.aliexpress.com/e/_A8qljc
Women's Shoes,200133142,Dovereiss Fashion Women's Shoes summer bling-bling new Elegant  Slip on sexy Pumps sexy Office lady Party shoes 31-46,1005002121768983,https://ae01.alicdn.com/kf/H415aa57756304d6792c0c9413e545032w/Dovereiss-Fashion-Women-s-Shoes-summer-bling-bling-new-Elegant-Slip-on-sexy-Pumps-sexy-Office.jpg_220x220.jpg,"https://ae04.alicdn.com/kf/H415aa57756304d6792c0c9413e545032w.jpg,https://ae04.alicdn.com/kf/Hbfd12cd67c4647c9ab9d364dc5c56b03L.jpg,https://ae04.alicdn.com/kf/H1198bdce5ba64463a44a821a4225c853w.jpg,https://ae04.alicdn.com/kf/H9087b527312c47239c5adf14172ebbbbI.jpg,https://ae04.alicdn.com/kf/Ha634e7242ff543e8a87adf9835f12ad2d.jpg,",https://www.aliexpress.com/item/1005002121768983.html,103.00,53.56,8.00%,2098-12-31,48%,https://s.click.aliexpress.com/e/_AoVudG
Women's Shoes,200133142,Women's Sandals Female Zapatillas Shoe Summer Sandal For Women Wedding Heels Shoes Red Knitting Fish Mouth Sexy High Heels Pumps,1005002120634284,https://ae01.alicdn.com/kf/H82fbc6643f0c463992adf79503cd1ff6a/Women-s-Sandals-Female-Zapatillas-Shoe-Summer-Sandal-For-Women-Wedding-Heels-Shoes-Red-Knitting-Fish.jpg_220x220.jpg,"https://ae04.alicdn.com/kf/H82fbc6643f0c463992adf79503cd1ff6a.jpg,https://ae04.alicdn.com/kf/H9643c3a97a4b47a1b3bf4bc1499d00d7F.jpg,https://ae04.alicdn.com/kf/Hfc81129230224426bce6d4d5eaea0b800.jpg,https://ae04.alicdn.com/kf/H599f8170ca7046ed9cc1b1590697fe1dC.jpg,https://ae04.alicdn.com/kf/Hba4d737cddec49309cfcc3e9a2a574e9u.jpg,",https://www.aliexpress.com/item/1005002120634284.html,23.89,10.03,10.00%,2098-12-31,58%,https://s.click.aliexpress.com/e/_A76oqA
Women's Shoes,200133142,2021 New Wedges Platform Ladies Slippers Summer Sexy Flip Flops Super High Heels Mules Shoes Women Sandals Black Size 35-42,1005002120496733,https://ae01.alicdn.com/kf/H71c1716573f74ad49869aaf6e630e3ffV/2021-New-Wedges-Platform-Ladies-Slippers-Summer-Sexy-Flip-Flops-Super-High-Heels-Mules-Shoes-Women.jpg_220x220.jpg,"https://ae04.alicdn.com/kf/H71c1716573f74ad49869aaf6e630e3ffV.jpg,https://ae04.alicdn.com/kf/H8b97ccf8360a46e6aa12ecd858378e43v.jpg,https://ae04.alicdn.com/kf/Hf55bb1b5b6d7495788c35b23618a6515U.jpg,https://ae04.alicdn.com/kf/H6ce748e29c854165972caf86b21a70eeC.jpg,https://ae04.alicdn.com/kf/Hc386b108eb854368a05978e891d6ed6f5.jpg,",https://www.aliexpress.com/item/1005002120496733.html,27.64,11.61,10.00%,2098-12-31,58%,https://s.click.aliexpress.com/e/_9wzdGO
Women's Shoes,200133142,2021 New Brand Designer Breathable Sock Shoes Woman Casual Shoes Slip On Jogging Sneakers Unisex Chaussures Femme Plus Size 43,1005002120519443,https://ae01.alicdn.com/kf/H97efcc1466c2466c94a07a46cc9810e6p/2021-New-Brand-Designer-Breathable-Sock-Shoes-Woman-Casual-Shoes-Slip-On-Jogging-Sneakers-Unisex-Chaussures.jpg_220x220.jpg,"https://ae04.alicdn.com/kf/H97efcc1466c2466c94a07a46cc9810e6p.jpg,https://ae04.alicdn.com/kf/H0217bafa81a84aa48234b0f3ac4ae356m.jpg,https://ae04.alicdn.com/kf/Hee58844bf7734a54bee0631223db37d8z.jpg,https://ae04.alicdn.com/kf/Hdc504fc634f14d8d8745855908bb95dct.jpg,https://ae04.alicdn.com/kf/H612466913c104da2a4c3f28600c2a6b8A.jpg,",https://www.aliexpress.com/item/1005002120519443.html,25.22,10.59,10.00%,2098-12-31,58%,https://s.click.aliexpress.com/e/_AE0oyw
Women's Shoes,200133142,Women's Casual Fashion Running Shoes for Breathable Platform Autumn Shoes Chaussures Peach Cherry Pink Ring White Blue Low-top,1005002120556169,https://ae01.alicdn.com/kf/Ha3f4b5b0fbec48609968217135dfb318w/Women-s-Casual-Fashion-Running-Shoes-for-Breathable-Platform-Autumn-Shoes-Chaussures-Peach-Cherry-Pink-Ring.jpg_220x220.jpg,"https://ae04.alicdn.com/kf/Ha3f4b5b0fbec48609968217135dfb318w.jpg,https://ae04.alicdn.com/kf/H43e00295197a4098aea7abaec7baa1dfI.jpg,https://ae04.alicdn.com/kf/Hb137f54ea03b421c90c78df9cefc3fbcj.jpg,https://ae04.alicdn.com/kf/H4b08d29813a6491bb587ecd15b3ff5d8c.jpg,https://ae04.alicdn.com/kf/H5e15b14db1794f25bba2dc1ab59bdabet.jpg,",https://www.aliexpress.com/item/1005002120556169.html,23.59,9.91,10.00%,2098-12-31,58%,https://s.click.aliexpress.com/e/_AOja6W
Women's Shoes,200133142,Couples Popular Motocycle Boots Size 35 -42 Women High-Top Combat Boots Men Leather For Women Casual Luxury Military Boot Army,1005002120314976,https://ae01.alicdn.com/kf/H016f52d536454ac9aed73e7f7cfb7b20S/Couples-Popular-Motocycle-Boots-Size-35-42-Women-High-Top-Combat-Boots-Men-Leather-For-Women.jpg_220x220.jpg,"https://ae04.alicdn.com/kf/H016f52d536454ac9aed73e7f7cfb7b20S.jpg,https://ae04.alicdn.com/kf/H1a575e6acfb64095b22d8b989ade1539l.jpg,https://ae04.alicdn.com/kf/H7b7cf63ff246482aa1f08d94688da585L.jpg,https://ae04.alicdn.com/kf/H13bf3caa96fc4d86a5707a8d943d2364H.jpg,https://ae04.alicdn.com/kf/Hd8afb425d76c47aeb2e4e717853cf855i.jpg,",https://www.aliexpress.com/item/1005002120314976.html,20.36,8.55,10.00%,2098-12-31,58%,https://s.click.aliexpress.com/e/_ADG30W
Women's Shoes,200133142,2020 winter women's shoes cute Cat crystal pink Black flats platform ankle boots warm snow Furry boots Female fashion booties,1005002120494346,https://ae01.alicdn.com/kf/Hf5748bc1639d4110b6ffa6a74badf9734/2020-winter-women-s-shoes-cute-Cat-crystal-pink-Black-flats-platform-ankle-boots-warm-snow.jpg_220x220.jpg,"https://ae04.alicdn.com/kf/Hf5748bc1639d4110b6ffa6a74badf9734.jpg,https://ae04.alicdn.com/kf/H80c05f19e11d4dfda94637ff4522be0b1.jpg,https://ae04.alicdn.com/kf/Hb4fc1186a06b4df286dd6605ef28452di.jpg,https://ae04.alicdn.com/kf/H10c34fc1b1364b1eb59b56d58b63b7d1R.jpg,https://ae04.alicdn.com/kf/Hbc80f91f9f764fa195577b38b26a29cax.jpg,",https://www.aliexpress.com/item/1005002120494346.html,31.52,13.24,10.00%,2098-12-31,58%,https://s.click.aliexpress.com/e/_ArrOZc
Women's Shoes,200133142,Genuine Leather Women Snow Boots Winter Platform Shoes Ankle Boots For Women Non-slip Keep Warm Wool Women's Sneakers,1005002120411536,https://ae01.alicdn.com/kf/H54ac6c5271b64555ab3b7e9e038619b2r/Genuine-Leather-Women-Snow-Boots-Winter-Platform-Shoes-Ankle-Boots-For-Women-Non-slip-Keep-Warm.jpg_220x220.jpg,"https://ae04.alicdn.com/kf/H54ac6c5271b64555ab3b7e9e038619b2r.jpg,https://ae04.alicdn.com/kf/H44a0f8be6ea04542888a63f8afb49906q.jpg,https://ae04.alicdn.com/kf/H16e494f0cd564f17a89b227518ae4de5o.jpg,https://ae04.alicdn.com/kf/Hb1cf9877d8e9493cb64a01d3199104253.jpg,https://ae04.alicdn.com/kf/H35268c2e7ac94a8ebfc63b9e18eb5f38T.jpg,",https://www.aliexpress.com/item/1005002120411536.html,38.35,16.11,10.00%,2098-12-31,58%,https://s.click.aliexpress.com/e/_9GlPpo
Women's Shoes,200133142,Fashion Women's top Quality Plus Size 42 fetish High Heels Sandals Women crystals butterfly Sexy Party Wedding Shoes Woman Shoe,1005002120530081,https://ae01.alicdn.com/kf/H43d80371469b41b4ada72832dcfcd721H/Fashion-Women-s-top-Quality-Plus-Size-42-fetish-High-Heels-Sandals-Women-crystals-butterfly-Sexy.jpg_220x220.jpg,"https://ae04.alicdn.com/kf/H43d80371469b41b4ada72832dcfcd721H.jpg,https://ae04.alicdn.com/kf/H631ac0c32bbc4e0d9c5e9030a9102db1u.jpg,https://ae04.alicdn.com/kf/H634a27aa16a14c2cba96af01e64fd397K.jpg,https://ae04.alicdn.com/kf/H0c220d8479b74c5ab2cbd7dee7bc867az.jpg,https://ae04.alicdn.com/kf/H8275b0dd05e94f45bca262edfe7b6282U.jpg,",https://www.aliexpress.com/item/1005002120530081.html,28.19,11.84,10.00%,2098-12-31,58%,https://s.click.aliexpress.com/e/_9AhjW6
Women's Shoes,200133142,Winter Fashion Women's Ankle Boots Pu Leather Lace-Up Female Chelsea Boots Increase Non-Slip Winter Warm Boots Ladies Boots,1005002120468090,https://ae01.alicdn.com/kf/H261b039139db4abd83a747e35819a3bbJ/Winter-Fashion-Women-s-Ankle-Boots-Pu-Leather-Lace-Up-Female-Chelsea-Boots-Increase-Non-Slip.jpg_220x220.jpg,"https://ae04.alicdn.com/kf/H261b039139db4abd83a747e35819a3bbJ.jpg,https://ae04.alicdn.com/kf/H319e469394304377b680bea01bfa33b3K.jpg,https://ae04.alicdn.com/kf/Ha1b0312f28254513a2094ae5f1c43a00k.jpg,https://ae04.alicdn.com/kf/H45c49a1231ff484683d28193595c34bdH.jpg,https://ae04.alicdn.com/kf/H9acacc938a534a4db7027df2ab377e9cz.jpg,",https://www.aliexpress.com/item/1005002120468090.html,36.83,15.47,10.00%,2098-12-31,58%,https://s.click.aliexpress.com/e/_AFIFJU
Women's Shoes,200133142,New Autumn Winter Graffiti Leather Ankle Boots for Women Shoes Woman Boots Female Lace Up Platform Motorcycle Boots Plus Size,1005002120364378,https://ae01.alicdn.com/kf/H59ae77ca0aee408898fdd9c724cef83aZ/New-Autumn-Winter-Graffiti-Leather-Ankle-Boots-for-Women-Shoes-Woman-Boots-Female-Lace-Up-Platform.jpg_220x220.jpg,"https://ae04.alicdn.com/kf/H59ae77ca0aee408898fdd9c724cef83aZ.jpg,https://ae04.alicdn.com/kf/H15102fdeb3614361b346557861dafb43B.jpg,https://ae04.alicdn.com/kf/H8c739fdd15324a59b260313eb878fef9V.jpg,https://ae04.alicdn.com/kf/H3b6c27b40ced422c9247e1479d069060N.jpg,https://ae04.alicdn.com/kf/Hdc1f3cb6ef7a437691a2aef8e02bfc21e.jpg,",https://www.aliexpress.com/item/1005002120364378.html,29.93,12.57,10.00%,2098-12-31,58%,https://s.click.aliexpress.com/e/_AWoU8E
Women's Shoes,200133142,Brand New Ladies Lace Up Graffiti Sneakers Fashion Mixed Colors Platform Women's Sneakers Casual Autumn Multicolor Shoes Woman,1005002120390249,https://ae01.alicdn.com/kf/H67eece63adf2438cac0e89b401162abbc/Brand-New-Ladies-Lace-Up-Graffiti-Sneakers-Fashion-Mixed-Colors-Platform-Women-s-Sneakers-Casual-Autumn.jpg_220x220.jpg,"https://ae04.alicdn.com/kf/H67eece63adf2438cac0e89b401162abbc.jpg,https://ae04.alicdn.com/kf/Hfe134bfdf60b455cbcee9fbd917321e8l.jpg,https://ae04.alicdn.com/kf/H38fce924d4064f999749327098a40d8dp.jpg,https://ae04.alicdn.com/kf/H18488a65a60f424590cfa53f4918a734k.jpg,https://ae04.alicdn.com/kf/H7dd142292c454d509cb362b1d59c4623M.jpg,",https://www.aliexpress.com/item/1005002120390249.html,35.77,15.02,10.00%,2098-12-31,58%,https://s.click.aliexpress.com/e/_9y4QfC
Women's Shoes,200133142,Japanese Mary Zhen women's College style single shoes Lolita Shoes Kawaii Shoes Goth Punk Platform Cosplay LoliShoes,1005002120449047,https://ae01.alicdn.com/kf/H96a25fe60ed44c849b3efea678d2e15cR/Japanese-Mary-Zhen-women-s-College-style-single-shoes-Lolita-Shoes-Kawaii-Shoes-Goth-Punk-Platform.jpg_220x220.jpg,"https://ae04.alicdn.com/kf/H96a25fe60ed44c849b3efea678d2e15cR.jpg,https://ae04.alicdn.com/kf/H18ead10f9bea43e39b072015d18cba8fX.jpg,https://ae04.alicdn.com/kf/H157791b2cc0d4b879de648f57e7440ceV.jpg,https://ae04.alicdn.com/kf/H023c7e6ac4ab4e7b92779f44b8337971Z.jpg,https://ae04.alicdn.com/kf/H0a9972844bae46a28434715c20b08590H.jpg,",https://www.aliexpress.com/item/1005002120449047.html,22.64,9.51,10.00%,2098-12-31,58%,https://s.click.aliexpress.com/e/_A2XgMi
Women's Shoes,200133142,Women's Lace-Up Sneakers Black Chunky Platform White Casual Leather Breathable Plush All-match Winter Ladies Sports Sneakers,1005002119974753,https://ae01.alicdn.com/kf/H747c91c116344a04b384ca366cbde92cJ/Women-s-Lace-Up-Sneakers-Black-Chunky-Platform-White-Casual-Leather-Breathable-Plush-All-match-Winter.jpg_220x220.jpg,"https://ae04.alicdn.com/kf/H747c91c116344a04b384ca366cbde92cJ.jpg,https://ae04.alicdn.com/kf/H4739144062d645c49adb68e7330c044b4.jpg,https://ae04.alicdn.com/kf/H24c96dc53ea24a6ebab905ae87bd4f81y.jpg,https://ae04.alicdn.com/kf/H602b0c1682854652ae09e2706e7948f2u.jpg,https://ae04.alicdn.com/kf/H3f71ea18c8d24ee6abca912960110a93T.jpg,",https://www.aliexpress.com/item/1005002119974753.html,23.86,10.02,10.00%,2098-12-31,58%,https://s.click.aliexpress.com/e/_Abc8xs
Women's Shoes,200133142,Hot 2020 Women Shoes Fashion Women Boots Autumn Short Boots Outdoor Round Head Dyeing Plus Size 43 Mujer Femme Shoe Female Boots,1005002119906908,https://ae01.alicdn.com/kf/H76f4bfad6d0d42d99f8d4ff6e45cd88bt/Hot-2020-Women-Shoes-Fashion-Women-Boots-Autumn-Short-Boots-Outdoor-Round-Head-Dyeing-Plus-Size.jpg_220x220.jpg,"https://ae04.alicdn.com/kf/H76f4bfad6d0d42d99f8d4ff6e45cd88bt.jpg,https://ae04.alicdn.com/kf/Hcf6d6ad780ee4acbbdda7e265c9389a4h.jpg,",https://www.aliexpress.com/item/1005002119906908.html,35.37,14.86,10.00%,2098-12-31,58%,https://s.click.aliexpress.com/e/_AUuZh0
Women's Shoes,200133142,Women Bowtie Tassel Platform Autumn Derby Shoes Ladies Flat Oxfords Patent Leather Slip On Female Comfort Fashion Footwear,1005002119861984,https://ae01.alicdn.com/kf/H6ff89af43f0f4c21863de2bc62e38bf7Q/Women-Bowtie-Tassel-Platform-Autumn-Derby-Shoes-Ladies-Flat-Oxfords-Patent-Leather-Slip-On-Female-Comfort.jpg_220x220.jpg,"https://ae04.alicdn.com/kf/H6ff89af43f0f4c21863de2bc62e38bf7Q.jpg,https://ae04.alicdn.com/kf/H69211dedfe8e404d81ce16b13204adc4K.jpg,https://ae04.alicdn.com/kf/H4978314267744c75923fffdb79dfa8ea2.jpg,https://ae04.alicdn.com/kf/Hb59157ab1a2642dfa2f50c9a3ad465854.jpg,https://ae04.alicdn.com/kf/H0a1a72b849dc45328103f52fb81fd910w.jpg,",https://www.aliexpress.com/item/1005002119861984.html,22.58,9.48,10.00%,2098-12-31,58%,https://s.click.aliexpress.com/e/_AppHSE
Women's Shoes,200133142,JUNSRM Slippers for Women Summer Korean Version of  No Heel Thick Bottom Pedal Platform Flats Women's White Shoes Sneakers Femme,1005002120026394,https://ae01.alicdn.com/kf/H04999ac9234b4497a6ed34a28aa911017/JUNSRM-Slippers-for-Women-Summer-Korean-Version-of-No-Heel-Thick-Bottom-Pedal-Platform-Flats-Women.jpg_220x220.jpg,"https://ae04.alicdn.com/kf/H04999ac9234b4497a6ed34a28aa911017.jpg,https://ae04.alicdn.com/kf/H2a1528a7541c49b9a1dca3fcd68ab69eV.jpg,https://ae04.alicdn.com/kf/H89ea5c0cf5874c6aa70a10f256982c77n.jpg,https://ae04.alicdn.com/kf/H55dae350790a402c907d4861a6a3487c6.jpg,https://ae04.alicdn.com/kf/H4f87a58b7100423191d4a1b7f528378a5.jpg,",https://www.aliexpress.com/item/1005002120026394.html,21.00,8.82,10.00%,2098-12-31,58%,https://s.click.aliexpress.com/e/_9ABIEq
Women's Shoes,200133142,New Women Shoes Trendy Chunky Dad Shoes Hot Sneaker Woman Lace-Up Platform Shoes Wholesale Brand Sneakers Tenis Zapatillas Mujer,1005002119971566,https://ae01.alicdn.com/kf/H3228e58dac164e6ba05c18f017f87c4cf/New-Women-Shoes-Trendy-Chunky-Dad-Shoes-Hot-Sneaker-Woman-Lace-Up-Platform-Shoes-Wholesale-Brand.jpg_220x220.jpg,"https://ae04.alicdn.com/kf/H3228e58dac164e6ba05c18f017f87c4cf.jpg,https://ae04.alicdn.com/kf/H404a2cfbc60b4bf6b6bb5b54d734e9ba3.jpg,https://ae04.alicdn.com/kf/Hc6fb31eef41a42a78d86cadb7c835eabU.jpg,https://ae04.alicdn.com/kf/H7c49335548754a66a4b7c6ae80e5c93aZ.jpg,https://ae04.alicdn.com/kf/Hd32a8a239e004c82941f2fa586088e94S.jpg,",https://www.aliexpress.com/item/1005002119971566.html,32.66,13.72,10.00%,2098-12-31,58%,https://s.click.aliexpress.com/e/_AFkmLo
Women's Shoes,200133142,Women Snow Boots Natural fur Genuine Leather Ankle Boots Winter Comfortable Flat Wool Boots Women Female Shoes Plus Size 35-43,1005002119840893,https://ae01.alicdn.com/kf/Hfcba393c71c14a618929c43dacf37504F/Women-Snow-Boots-Natural-fur-Genuine-Leather-Ankle-Boots-Winter-Comfortable-Flat-Wool-Boots-Women-Female.jpg_220x220.jpg,"https://ae04.alicdn.com/kf/Hfcba393c71c14a618929c43dacf37504F.jpg,https://ae04.alicdn.com/kf/Hec8489e591da419aad7cc29199227a81C.jpg,https://ae04.alicdn.com/kf/H7e988c91f2534394b1b6397e59c19b1eJ.jpg,https://ae04.alicdn.com/kf/Hf40cbb6eef9942fc9cde5b14e64ccfa12.jpg,https://ae04.alicdn.com/kf/H37022dea8ffd4b80a2a1c4759297d8a7k.jpg,",https://www.aliexpress.com/item/1005002119840893.html,27.80,11.68,10.00%,2098-12-31,58%,https://s.click.aliexpress.com/e/_A98C98
Women's Shoes,200133142,2020 Fashion New Bling Women Plush Slippers Fur Slides Rhinestones Home Flat Women Platform Warm Slippers Casual Slippers Fluffy,1005002119870715,https://ae01.alicdn.com/kf/Hd216dd3f9fe24690a54b9206af597df9x/2020-Fashion-New-Bling-Women-Plush-Slippers-Fur-Slides-Rhinestones-Home-Flat-Women-Platform-Warm-Slippers.jpg_220x220.jpg,"https://ae04.alicdn.com/kf/Hd216dd3f9fe24690a54b9206af597df9x.jpg,https://ae04.alicdn.com/kf/Hf64e23574c744e16b1792cac0cb4d0fe0.jpg,https://ae04.alicdn.com/kf/H1c178fb20f804a5fb0004154b6bcf6a46.jpg,https://ae04.alicdn.com/kf/H83a7a28c6ade427fbb95c104e43f0115U.jpg,https://ae04.alicdn.com/kf/Haafad9406d784e82893554ad0b4c9a40j.jpg,",https://www.aliexpress.com/item/1005002119870715.html,27.20,11.42,10.00%,2098-12-31,58%,https://s.click.aliexpress.com/e/_9yQylM
Women's Shoes,200133142,JUNSRM Women Crystal Heels Sandals Ankle-Wrap Ladies Jelly Shoes New Year Party Evening Shoes Sexy Buckle Strap Sandals Female,1005002119870444,https://ae01.alicdn.com/kf/H65a1e52e8997439e808f4bf142bae2a8s/JUNSRM-Women-Crystal-Heels-Sandals-Ankle-Wrap-Ladies-Jelly-Shoes-New-Year-Party-Evening-Shoes-Sexy.jpg_220x220.jpg,"https://ae04.alicdn.com/kf/H65a1e52e8997439e808f4bf142bae2a8s.jpg,https://ae04.alicdn.com/kf/H3e299e747ed44949831707715cfc141ba.jpg,https://ae04.alicdn.com/kf/Hc730cce09ba14d51865ded6a75ecc124o.jpg,",https://www.aliexpress.com/item/1005002119870444.html,28.90,12.14,10.00%,2098-12-31,58%,https://s.click.aliexpress.com/e/_AdeV4q
Women's Shoes,200133142,Summer Women's High-heeled sandals slippers women Butterfly-knot flip-flops Woman Zapatillas Female Shoes Pumps Footwear Shoe,1005002119798283,https://ae01.alicdn.com/kf/H385e2aee9f764de88a292e76df214b57o/Summer-Women-s-High-heeled-sandals-slippers-women-Butterfly-knot-flip-flops-Woman-Zapatillas-Female-Shoes.jpg_220x220.jpg,"https://ae04.alicdn.com/kf/H385e2aee9f764de88a292e76df214b57o.jpg,https://ae04.alicdn.com/kf/H6a074695746d415c95f9fd6ecc6afa69r.jpg,https://ae04.alicdn.com/kf/H6c2b14b9936c4c83859af56c6b04ed2fl.jpg,https://ae04.alicdn.com/kf/H9dd79266b0924790af2106f0d30f0d6dr.jpg,",https://www.aliexpress.com/item/1005002119798283.html,26.31,11.05,10.00%,2098-12-31,58%,https://s.click.aliexpress.com/e/_A0ExVo
Women's Shoes,200133142,Women Chunky Sneakers 2020 Fashion Platform Sneakers Ladies Brand Wedges Casual Shoes For Woman Leather Sports Dad Shoes 7cm,1005002119676781,https://ae01.alicdn.com/kf/H87597b079cf14a949c7d7f1a6977d14ce/Women-Chunky-Sneakers-2020-Fashion-Platform-Sneakers-Ladies-Brand-Wedges-Casual-Shoes-For-Woman-Leather-Sports.jpg_220x220.jpg,"https://ae04.alicdn.com/kf/H87597b079cf14a949c7d7f1a6977d14ce.jpg,https://ae04.alicdn.com/kf/Hf27448db331f45d2b7cef75ec2babe56X.jpg,https://ae04.alicdn.com/kf/Hdf47e146a619473c99a2036e721a40c60.jpg,https://ae04.alicdn.com/kf/H1a3700d4a72448838a2c98f2f3da8e76K.jpg,https://ae04.alicdn.com/kf/H17217738b1014553a201f3797e48370fW.jpg,",https://www.aliexpress.com/item/1005002119676781.html,35.19,14.78,10.00%,2098-12-31,58%,https://s.click.aliexpress.com/e/_9fNhcQ
Women's Shoes,200133142,Women High Top Shoes Personalized Heart Candy Colors Dad Shoes PU Leather Vulcanized Female Lace-up Bow-knot  Women Shoes,1005002119764450,https://ae01.alicdn.com/kf/He218b3fac38c4d9caae1c240fbbcdab0f/Women-High-Top-Shoes-Personalized-Heart-Candy-Colors-Dad-Shoes-PU-Leather-Vulcanized-Female-Lace-up.jpg_220x220.jpg,"https://ae04.alicdn.com/kf/He218b3fac38c4d9caae1c240fbbcdab0f.jpg,https://ae04.alicdn.com/kf/H53e248bf4ab649ed85fd0be20ba5491aB.jpg,https://ae04.alicdn.com/kf/Ha06e3f350bda47e8919f6341f007c51bb.jpg,https://ae04.alicdn.com/kf/Hd7a692c800894288955118f114ee1b72A.jpg,https://ae04.alicdn.com/kf/H2717bb7897704b6d95ff3346319493dez.jpg,",https://www.aliexpress.com/item/1005002119764450.html,31.00,13.02,10.00%,2098-12-31,58%,https://s.click.aliexpress.com/e/_9xZb2i
Women's Shoes,200133142,JUNSRM Summer new half slippers Baotou without heel inside increase women's sneakers outdoor canvas walking shoes woman Female,1005002119744486,https://ae01.alicdn.com/kf/H268bc3fb66dd4ae58485d25cceebb3e3l/JUNSRM-Summer-new-half-slippers-Baotou-without-heel-inside-increase-women-s-sneakers-outdoor-canvas-walking.jpg_220x220.jpg,"https://ae04.alicdn.com/kf/H268bc3fb66dd4ae58485d25cceebb3e3l.jpg,https://ae04.alicdn.com/kf/Hbcf8c3a00d4040a4908a41757510fafb6.jpg,https://ae04.alicdn.com/kf/He4d4dd5e1d944d99b6a3b25ff9365504u.jpg,https://ae04.alicdn.com/kf/He89ed7f3dbd247f3892dea11c0ce348ar.jpg,https://ae04.alicdn.com/kf/H0547fdfe9feb41ddb724495454af05dbY.jpg,",https://www.aliexpress.com/item/1005002119744486.html,28.55,11.99,10.00%,2098-12-31,58%,https://s.click.aliexpress.com/e/_APOQCw
Women's Shoes,200133142,Women Sandals Summer 2020 hing Heel Fashion Sexy Fish Mouth Hollow Roman Sandals Thick With Beaded High Heels Female Sandals,1005002119831054,https://ae01.alicdn.com/kf/Hed3387576f4546bdb3983b7e355306da1/Women-Sandals-Summer-2020-hing-Heel-Fashion-Sexy-Fish-Mouth-Hollow-Roman-Sandals-Thick-With-Beaded.jpg_220x220.jpg,"https://ae04.alicdn.com/kf/Hed3387576f4546bdb3983b7e355306da1.jpg,https://ae04.alicdn.com/kf/Hc431048608d64d88bc1645068e2dca416.jpg,https://ae04.alicdn.com/kf/H311f6601fe6a445cba446be6c296aecdp.jpg,https://ae04.alicdn.com/kf/H0c3ea74a882a4d9b84899dbaef9b0636h.jpg,https://ae04.alicdn.com/kf/H334d461428c949daa40afac903d3dc4e6.jpg,",https://www.aliexpress.com/item/1005002119831054.html,21.21,8.91,10.00%,2098-12-31,58%,https://s.click.aliexpress.com/e/_9HTKFu
Women's Shoes,200133142,2020 New Women Shoes Spring New Women's Shoes Ulzzang Platform Sports Shoes Female Wisdom Shoes Women Snekaers Femme Shoe Female,1005002119791211,https://ae01.alicdn.com/kf/Hb458e5fef7c545deada2688ebcd4a5caQ/2020-New-Women-Shoes-Spring-New-Women-s-Shoes-Ulzzang-Platform-Sports-Shoes-Female-Wisdom-Shoes.jpg_220x220.jpg,"https://ae04.alicdn.com/kf/Hb458e5fef7c545deada2688ebcd4a5caQ.jpg,https://ae04.alicdn.com/kf/Hba14fa82a4e84fe2821989b37ff6958bX.jpg,https://ae04.alicdn.com/kf/Hc0042096ceb74c19928c9f94f2111a640.jpg,https://ae04.alicdn.com/kf/H638b14c974c64943bf1192a4129bc599J.jpg,https://ae04.alicdn.com/kf/H557e64e6a88149b6b0abe9a17e9bd505l.jpg,",https://www.aliexpress.com/item/1005002119791211.html,24.46,10.27,10.00%,2098-12-31,58%,https://s.click.aliexpress.com/e/_Attraa
Women's Shoes,200133142,Summer Mesh Shoes For Women Sneakers Women Walking Shoe Comfortable Old Shoes Zapatos Heel Height New Tenis Masculino zapatillas,1005002119683631,https://ae01.alicdn.com/kf/H98b0d9dca9cc4d419bc132aa6052b2dcH/Summer-Mesh-Shoes-For-Women-Sneakers-Women-Walking-Shoe-Comfortable-Old-Shoes-Zapatos-Heel-Height-New.jpg_220x220.jpg,"https://ae04.alicdn.com/kf/H98b0d9dca9cc4d419bc132aa6052b2dcH.jpg,https://ae04.alicdn.com/kf/H50fce2e8504047a38ad4050cc62a17c6G.jpg,https://ae04.alicdn.com/kf/H3a3da38a766f4ef99603e625c988a0dbu.jpg,https://ae04.alicdn.com/kf/Hc507d0ada4b342bea06a72dc2414058bv.jpg,https://ae04.alicdn.com/kf/H3624c7b3827843089a7e174b07fb697d8.jpg,",https://www.aliexpress.com/item/1005002119683631.html,28.90,12.14,10.00%,2098-12-31,58%,https://s.click.aliexpress.com/e/_AWwSEO
Women's Shoes,200133142,Design Female High Platform Thigh High Boots Fashion Buckle Punk High Heels Boots Women Cosplay Wedges Boots Woman Botas Mujer,1005002119555896,https://ae01.alicdn.com/kf/H08ac4787f19a446aa59a5b00e7d27169W/Design-Female-High-Platform-Thigh-High-Boots-Fashion-Buckle-Punk-High-Heels-Boots-Women-Cosplay-Wedges.jpg_220x220.jpg,"https://ae04.alicdn.com/kf/H08ac4787f19a446aa59a5b00e7d27169W.jpg,https://ae04.alicdn.com/kf/H250a1086cc414e48bba21dff196a9419k.jpg,https://ae04.alicdn.com/kf/H38d9615fa41a49cdb42dad51228c2f69h.jpg,https://ae04.alicdn.com/kf/Ha9f70d521525445e98d96b7ec3ba94036.jpg,https://ae04.alicdn.com/kf/H27955c0bfe654b3783ec2168dd4503afy.jpg,",https://www.aliexpress.com/item/1005002119555896.html,47.15,19.80,10.00%,2098-12-31,58%,https://s.click.aliexpress.com/e/_9InrYm
Women's Shoes,200133142,Fashion Brand Women's Luxury Boots Women Black Short Boots Ladies Casual Shoes Winter Female White Motorcycle Booties D Brand,1005001747283819,https://ae01.alicdn.com/kf/H9aaaca052fd84940bd11007c8c503b33L/Fashion-Brand-Women-s-Luxury-Boots-Women-Black-Short-Boots-Ladies-Casual-Shoes-Winter-Female-White.jpg_220x220.jpg,"https://ae04.alicdn.com/kf/H9aaaca052fd84940bd11007c8c503b33L.jpg,https://ae04.alicdn.com/kf/H5302536d11664d7c81e36cf6ee406032S.jpg,https://ae04.alicdn.com/kf/H48ea086c238e40f6abdd54cdb1874877l.jpg,https://ae04.alicdn.com/kf/H84622f89f4ad456f998e26fa641e66cfR.jpg,https://ae04.alicdn.com/kf/H27b205e9128f48a1899ee95743e3dcb5Q.jpg,",https://www.aliexpress.com/item/1005001747283819.html,116.00,51.04,30.00%,2098-12-31,56%,https://s.click.aliexpress.com/e/_9JWCU6
Women's Shoes,200133142,2021 Summer Fashion Thin High Heels Shoes Women Party Pumps Ladies Lace-up Strap Female Bowknot Leopard Red Shoes Plus Size 43,1005001364921264,https://ae01.alicdn.com/kf/Ha5a8e6b0c01d4f78a3141543ed11b35aN/2021-Summer-Fashion-Thin-High-Heels-Shoes-Women-Party-Pumps-Ladies-Lace-up-Strap-Female-Bowknot.jpg_220x220.jpg,"https://ae04.alicdn.com/kf/Ha5a8e6b0c01d4f78a3141543ed11b35aN.jpg,https://ae04.alicdn.com/kf/Hdfd618e38fbb42148ec222b1038e1ea0W.jpg,https://ae04.alicdn.com/kf/Ha7ff6977bdc745588dc238f0fa2e767fx.jpg,https://ae04.alicdn.com/kf/Hc2118ab0a01d49fc9bd6d940b677f4605.jpg,https://ae04.alicdn.com/kf/H850fb67ff5cb4f50ae6bf2c8ad947d98Y.jpg,",https://www.aliexpress.com/item/1005001364921264.html,47.60,19.99,50.00%,2098-12-31,58%,https://s.click.aliexpress.com/e/_AfcJ6E
Women's Shoes,200133142,Sexy High Heels Over The Knee Boots Women 2021 Black Thigh High Boots Ladies Autumn Winter Shoes Women's Long Boot Plus Size 43,1005001863125201,https://ae01.alicdn.com/kf/Hc2ca106f6c9c44619995fac51ada8570j/Sexy-High-Heels-Over-The-Knee-Boots-Women-2021-Black-Thigh-High-Boots-Ladies-Autumn-Winter.jpg_220x220.jpg,"https://ae04.alicdn.com/kf/Hc2ca106f6c9c44619995fac51ada8570j.jpg,https://ae04.alicdn.com/kf/Hec31bd67366744408659399bc2bb6798z.jpg,https://ae04.alicdn.com/kf/H7791587686034f9082a03911224e5f35i.jpg,https://ae04.alicdn.com/kf/H3c2a9582584a4088b567198c421740b5B.jpg,",https://www.aliexpress.com/item/1005001863125201.html,77.35,34.81,35.00%,2098-12-31,55%,https://s.click.aliexpress.com/e/_AlmwGa
Women's Shoes,200133142,damyuan 2020 Women Slippers Fashion Summer lovely Ladies Casual Slip On Beach Flip Flops Slides Woman Indoor Shoes size 36-41,4000817929007,https://ae01.alicdn.com/kf/Hd7218710f7244ed0864f3fcaad339467K/damyuan-2020-Women-Slippers-Fashion-Summer-lovely-Ladies-Casual-Slip-On-Beach-Flip-Flops-Slides-Woman.jpg_220x220.jpg,"https://ae04.alicdn.com/kf/Hd7218710f7244ed0864f3fcaad339467K.jpg,https://ae04.alicdn.com/kf/H7887b9ede07d4ad188161ec048359ca9K.jpg,https://ae04.alicdn.com/kf/H9771db3c7b934fa58ba3bd71b8c7b699k.jpg,https://ae04.alicdn.com/kf/Hf165707bccc140bdbe1e172f1532dac9v.jpg,https://ae04.alicdn.com/kf/Hf3e416a8d6fb445195ba7439f41bb943X.jpg,",https://www.aliexpress.com/item/4000817929007.html,33.72,17.87,10.00%,2098-12-31,47%,https://s.click.aliexpress.com/e/_A11818
Women's Shoes,200133142,Fashion Sexy Women Red High Heels Boots Over The Knee Boots Female Thigh High Zipper Boots Ladies High Heel Shoes New Long Boot,1005001858466837,https://ae01.alicdn.com/kf/H7a40cd6ce86b4d90aa49b93dc63e878bO/Fashion-Sexy-Women-Red-High-Heels-Boots-Over-The-Knee-Boots-Female-Thigh-High-Zipper-Boots.jpg_220x220.jpg,"https://ae04.alicdn.com/kf/H7a40cd6ce86b4d90aa49b93dc63e878bO.jpg,https://ae04.alicdn.com/kf/H0cef236c516d4c26b10a2bbc9562115cM.jpg,https://ae04.alicdn.com/kf/H9bb25118ea3d4eeca3409cf817176d2d2.jpg,https://ae04.alicdn.com/kf/H0ed0feb774d647f1999f9281221954d1g.jpg,https://ae04.alicdn.com/kf/H5f74aae89a5f49acbae0c72e3a75d846s.jpg,",https://www.aliexpress.com/item/1005001858466837.html,65.88,30.96,50.00%,2098-12-31,53%,https://s.click.aliexpress.com/e/_AAswlG
Women's Shoes,200133142,Women Flat Shoes Knit Woman Casual Slip On Vulcanized Shoes Female Mesh Soft Breathable Women's Footwear For Ladies Sneaker 43,4001275921815,https://ae01.alicdn.com/kf/H8bb02bef92c34572a5af8f3d8a4b9d961/Women-Flat-Shoes-Knit-Woman-Casual-Slip-On-Vulcanized-Shoes-Female-Mesh-Soft-Breathable-Women-s.jpg_220x220.jpg,"https://ae04.alicdn.com/kf/H8bb02bef92c34572a5af8f3d8a4b9d961.jpg,https://ae04.alicdn.com/kf/H0339b3f183564a9a8f6cd948c056d69eR.jpg,https://ae04.alicdn.com/kf/H3a087024c8c44882893d72219d488072S.jpg,https://ae04.alicdn.com/kf/H62f4685f748c45fdb3da014a6350fdddT.jpg,https://ae04.alicdn.com/kf/H566d694e28e548bc86c938dfb0e4d548O.jpg,",https://www.aliexpress.com/item/4001275921815.html,25.51,15.31,10.00%,2098-12-31,40%,https://s.click.aliexpress.com/e/_AkSzr8
Women's Shoes,200133142,Damyuan Flats Women Shoes Sneakers Lovers Breathable Lightweight Men's Women's Walking Jogging Footwear Shoes Spring 2020 New,4000444629578,https://ae01.alicdn.com/kf/Hfc4e488a477c447086a63cf9c6586ba0W/Damyuan-Flats-Women-Shoes-Sneakers-Lovers-Breathable-Lightweight-Men-s-Women-s-Walking-Jogging-Footwear-Shoes.jpg_220x220.jpg,"https://ae04.alicdn.com/kf/Hfc4e488a477c447086a63cf9c6586ba0W.jpg,https://ae04.alicdn.com/kf/H064aae147bdc4ab39412a3e02ab6e22bg.jpg,https://ae04.alicdn.com/kf/H826e9e804ad64bf9ab51f1902f11d741u.jpg,https://ae04.alicdn.com/kf/Hb48b92b8b1394624b06625f12f280a32P.jpg,https://ae04.alicdn.com/kf/H82776d37da154d2e853a22dcb22485416.jpg,",https://www.aliexpress.com/item/4000444629578.html,23.50,15.28,10.00%,2098-12-31,35%,https://s.click.aliexpress.com/e/_9gG1RM
Women's Shoes,200133142,Women's Platform Sneakers Women Fashion Chunky Shoes Comfortable Casual Women Shoes Vulcanized Shoes Breathable Sneakers,1005002125593618,https://ae01.alicdn.com/kf/H660f333ebb674b5998229c14fed82d00K/Women-s-Platform-Sneakers-Women-Fashion-Chunky-Shoes-Comfortable-Casual-Women-Shoes-Vulcanized-Shoes-Breathable-Sneakers.jpg_220x220.jpg,"https://ae04.alicdn.com/kf/H660f333ebb674b5998229c14fed82d00K.jpg,https://ae04.alicdn.com/kf/H086c357f48504ce0bd30ca46df17f7eeS.jpg,https://ae04.alicdn.com/kf/H3656beb420094aa5aa6ad33c8c0a8317Y.jpg,https://ae04.alicdn.com/kf/Hdfad1934d46e4eb08adb9f523f499a20N.jpg,https://ae04.alicdn.com/kf/H5a06a7cc07bc461ab32dedf49e119b23w.jpg,",https://www.aliexpress.com/item/1005002125593618.html,35.23,22.55,8.00%,2098-12-31,36%,https://s.click.aliexpress.com/e/_AeNqoi
Women's Shoes,200133142,Women's Fashion Casual Shoes Chunky Shoes Lace-up Platform Sneakers Black Women Shoes White Vulcanized Shoes Fashion Dad Shoes,1005002126131862,https://ae01.alicdn.com/kf/He0cb173ab032445591d79441a9a9c5ffl/Women-s-Fashion-Casual-Shoes-Chunky-Shoes-Lace-up-Platform-Sneakers-Black-Women-Shoes-White-Vulcanized.jpg_220x220.jpg,"https://ae04.alicdn.com/kf/He0cb173ab032445591d79441a9a9c5ffl.jpg,https://ae04.alicdn.com/kf/Hbf26f23e7f9f42deb4b76b9cc57c5d476.jpg,https://ae04.alicdn.com/kf/Hcf826832120d4c94bf841897817d98dcH.jpg,https://ae04.alicdn.com/kf/H9bf0e51449f74448a5589ceefe7c3b83q.jpg,https://ae04.alicdn.com/kf/H25472b489d3e4283a80025df5f26ae452.jpg,",https://www.aliexpress.com/item/1005002126131862.html,39.63,24.97,8.00%,2098-12-31,37%,https://s.click.aliexpress.com/e/_AKgByO
Women's Shoes,200133142,Slippers Women Indoor Light Weight Hotel Bathing Slippers Gingham Solid Color Summer Shoes Woman Flat Soft Slippers,1005002126102879,https://ae01.alicdn.com/kf/Hb3ab18800b5540c5823d0e560a0c8ef9f/Slippers-Women-Indoor-Light-Weight-Hotel-Bathing-Slippers-Gingham-Solid-Color-Summer-Shoes-Woman-Flat-Soft.jpg_220x220.jpg,"https://ae04.alicdn.com/kf/Hb3ab18800b5540c5823d0e560a0c8ef9f.jpg,https://ae04.alicdn.com/kf/Hf9b70c915f50491aa52cfba9663f62a7H.jpg,https://ae04.alicdn.com/kf/Hd083233ca1924095a20ce2b962e29ae8x.jpg,https://ae04.alicdn.com/kf/Ha0a55b1acb874df5b9346f940dc4ded09.jpg,https://ae04.alicdn.com/kf/Hfc161a09afe94f3493ee58742a13a355w.jpg,",https://www.aliexpress.com/item/1005002126102879.html,9.82,4.91,8.00%,2098-12-31,50%,https://s.click.aliexpress.com/e/_AY33ew
Women's Shoes,200133142,Summer Slippers for Women Platform EVA Non-slip Bath Slippers Hotel Leaking Concise Slippers for Home Unisex Household Shoes,1005002126011977,https://ae01.alicdn.com/kf/H2800755f28584097b71d9b3f4bfe768fH/Summer-Slippers-for-Women-Platform-EVA-Non-slip-Bath-Slippers-Hotel-Leaking-Concise-Slippers-for-Home.jpg_220x220.jpg,"https://ae04.alicdn.com/kf/H2800755f28584097b71d9b3f4bfe768fH.jpg,https://ae04.alicdn.com/kf/H56094848e36b47b0b6c915774d79d80bv.jpg,https://ae04.alicdn.com/kf/H93713e68ff5e49e48ed9f8c18f6e9baal.jpg,https://ae04.alicdn.com/kf/H388b26b527f84a0da06f2eb7b1406ce9e.jpg,https://ae04.alicdn.com/kf/H7cc601fe05ae47d7ad2289bce28d18f0t.jpg,",https://www.aliexpress.com/item/1005002126011977.html,9.82,4.91,8.00%,2098-12-31,50%,https://s.click.aliexpress.com/e/_9z7f7U
Women's Shoes,200133142,Garden Slippers Woman Cobblestone Point Massage Slippers Fashion EVA Unisex Beach Bathroom Slippers Couple Soft Shoes,1005002125853285,https://ae01.alicdn.com/kf/H8bd98929f9d0420aa2577a6144da7e716/Garden-Slippers-Woman-Cobblestone-Point-Massage-Slippers-Fashion-EVA-Unisex-Beach-Bathroom-Slippers-Couple-Soft-Shoes.jpg_220x220.jpg,"https://ae04.alicdn.com/kf/H8bd98929f9d0420aa2577a6144da7e716.jpg,https://ae04.alicdn.com/kf/H6a6f50dde8e74e119a6dada3e82ff4aa5.jpg,https://ae04.alicdn.com/kf/H693ebf3c28584c40b04e4b05310d9651K.jpg,https://ae04.alicdn.com/kf/H20e45d6a791e4776b3b9d8094b856608a.jpg,https://ae04.alicdn.com/kf/H2e4872739a214361b956505998b6b5555.jpg,",https://www.aliexpress.com/item/1005002125853285.html,29.92,14.96,8.00%,2098-12-31,50%,https://s.click.aliexpress.com/e/_A34Tww
Women's Shoes,200133142,Summer Slippers Women Super Soft Outdoor Couple Slippers Home Casual Bathroom Beach Shoes Fashion Stripe Massage 2021 New,1005002125759194,https://ae01.alicdn.com/kf/H921e04a01bd94f0188d3f81147ada99e9/Summer-Slippers-Women-Super-Soft-Outdoor-Couple-Slippers-Home-Casual-Bathroom-Beach-Shoes-Fashion-Stripe-Massage.jpg_220x220.jpg,"https://ae04.alicdn.com/kf/H921e04a01bd94f0188d3f81147ada99e9.jpg,https://ae04.alicdn.com/kf/H37aa151c08fc4371877e1eaa167f6255p.jpg,https://ae04.alicdn.com/kf/H33de6f3465794e119dacd0cbe5f2ef672.jpg,https://ae04.alicdn.com/kf/H9ecef985810844e6b0427a2fb370a96cp.jpg,https://ae04.alicdn.com/kf/H2207e1ec7eda44e5aadb70c76d8ce856A.jpg,",https://www.aliexpress.com/item/1005002125759194.html,19.94,9.97,8.00%,2098-12-31,50%,https://s.click.aliexpress.com/e/_AXX5YW
Women's Shoes,200133142,Lightweight Hollow Mesh Couple Casual Shoes Outdoor Beach Wading Women's Vulcanized Shoes Comfortable and Soft Man Sports Shoes,1005002125655610,https://ae01.alicdn.com/kf/H8fdb42a65c5b4d1ca67e3daedd5f25acW/Lightweight-Hollow-Mesh-Couple-Casual-Shoes-Outdoor-Beach-Wading-Women-s-Vulcanized-Shoes-Comfortable-and-Soft.jpg_220x220.jpg,"https://ae04.alicdn.com/kf/H8fdb42a65c5b4d1ca67e3daedd5f25acW.jpg,https://ae04.alicdn.com/kf/H50ac7bdc2ff64a2ca3dd215485eda375b.jpg,https://ae04.alicdn.com/kf/Hf7db285d33b34dd988dd40a0cd716db0C.jpg,https://ae04.alicdn.com/kf/H5b7d8984204a49fca2e37221ed677b1eA.jpg,https://ae04.alicdn.com/kf/Hb69084cfb7cc42f7ba008f5f2c0f10b3X.jpg,",https://www.aliexpress.com/item/1005002125655610.html,36.11,22.39,10.00%,2098-12-31,38%,https://s.click.aliexpress.com/e/_9gEUTC
Women's Shoes,200133142,Spring Fashion All-match Women's Vulcanized Shoes Breathable Mesh White Casual Shoes Soft and Comfortable Black Sports Shoes,1005002125569902,https://ae01.alicdn.com/kf/H9a4840a712f94445b3e6f864fd3d3366E/Spring-Fashion-All-match-Women-s-Vulcanized-Shoes-Breathable-Mesh-White-Casual-Shoes-Soft-and-Comfortable.jpg_220x220.jpg,"https://ae04.alicdn.com/kf/H9a4840a712f94445b3e6f864fd3d3366E.jpg,https://ae04.alicdn.com/kf/Hf334c2ffb72649d8af3fc57f1ecea924W.jpg,https://ae04.alicdn.com/kf/Hc57ca47cf1f84ab88c4742cdf98e918dG.jpg,https://ae04.alicdn.com/kf/H0308d03f5f91469da51bc1256ea39fd69.jpg,https://ae04.alicdn.com/kf/H39c74ad2be254e6097a41ee7664db18eb.jpg,",https://www.aliexpress.com/item/1005002125569902.html,37.01,22.95,10.00%,2098-12-31,38%,https://s.click.aliexpress.com/e/_AKeE0E
Women's Shoes,200133142,ELVISWORDS Nurse with Tools Pattern Comfortable Lace Up Sneakers for Women Fashion Ladies Breathable Walking Shoes Footwears Hot,1005002125207368,https://ae01.alicdn.com/kf/H6bd9a935c7bf4ed99632dcf11dfbc7a6z/ELVISWORDS-Nurse-with-Tools-Pattern-Comfortable-Lace-Up-Sneakers-for-Women-Fashion-Ladies-Breathable-Walking-Shoes.jpg_220x220.jpg,"https://ae04.alicdn.com/kf/H6bd9a935c7bf4ed99632dcf11dfbc7a6z.jpg,https://ae04.alicdn.com/kf/H9abc55564cc842b48e29efc30e5d2af0K.jpg,https://ae04.alicdn.com/kf/H05ab82c4e4544af085539360235648bc3.jpg,https://ae04.alicdn.com/kf/H941ddf41cb9a49539b553105765530f9H.jpg,https://ae04.alicdn.com/kf/Hd992846f9a1f4317a98ef35623c20b424.jpg,",https://www.aliexpress.com/item/1005002125207368.html,39.99,25.99,8.00%,2098-12-31,35%,https://s.click.aliexpress.com/e/_A0Hfds
Women's Shoes,200133142,ELVISWORDS Pink Nurse Pattern Comfortable Ladies Flats Shoes Breathable Lace-up Mesh Knit Sneakers for Women zapatos mujer 2021,1005002125067891,https://ae01.alicdn.com/kf/Hc8776fa34b0f4ff2803461fbc7fccfb2n/ELVISWORDS-Pink-Nurse-Pattern-Comfortable-Ladies-Flats-Shoes-Breathable-Lace-up-Mesh-Knit-Sneakers-for-Women.jpg_220x220.jpg,"https://ae04.alicdn.com/kf/Hc8776fa34b0f4ff2803461fbc7fccfb2n.jpg,https://ae04.alicdn.com/kf/H0945c9f99bb3403f8b2709e02ac2bd39x.jpg,https://ae04.alicdn.com/kf/H05ab82c4e4544af085539360235648bc3.jpg,https://ae04.alicdn.com/kf/H941ddf41cb9a49539b553105765530f9H.jpg,https://ae04.alicdn.com/kf/Hd992846f9a1f4317a98ef35623c20b424.jpg,",https://www.aliexpress.com/item/1005002125067891.html,39.99,25.99,8.00%,2098-12-31,35%,https://s.click.aliexpress.com/e/_A3Q1to
Women's Shoes,200133142,ELVISWORDS Nurse Cartoon Design Casual Ladies Walking Shoes Comfortable Mesh Knit Sneakers for Women Female Lace-up Flats Shoes,1005002125177614,https://ae01.alicdn.com/kf/H9048a396ebf340cd8ae11dcc510b46b76/ELVISWORDS-Nurse-Cartoon-Design-Casual-Ladies-Walking-Shoes-Comfortable-Mesh-Knit-Sneakers-for-Women-Female-Lace.jpg_220x220.jpg,"https://ae04.alicdn.com/kf/H9048a396ebf340cd8ae11dcc510b46b76.jpg,https://ae04.alicdn.com/kf/H53244d531df745f4a5b21e0f3e3313e8y.jpg,https://ae04.alicdn.com/kf/H05ab82c4e4544af085539360235648bc3.jpg,https://ae04.alicdn.com/kf/H941ddf41cb9a49539b553105765530f9H.jpg,https://ae04.alicdn.com/kf/Hd992846f9a1f4317a98ef35623c20b424.jpg,",https://www.aliexpress.com/item/1005002125177614.html,39.99,25.99,8.00%,2098-12-31,35%,https://s.click.aliexpress.com/e/_9IwFCq
Women's Shoes,200133142,Fashion Woman High Heels Long Boots Black Over The Knee Boots Women Heel Sexy Zipper Ladies Thigh High Boots 2021 Autumn Shoes,1005001742440034,https://ae01.alicdn.com/kf/H00ae2c2b1f1643068cb09171df53e48bE/Fashion-Woman-High-Heels-Long-Boots-Black-Over-The-Knee-Boots-Women-Heel-Sexy-Zipper-Ladies.jpg_220x220.jpg,"https://ae04.alicdn.com/kf/H00ae2c2b1f1643068cb09171df53e48bE.jpg,https://ae04.alicdn.com/kf/H274def5be0d74cab95ea4b7e15c274c7X.jpg,https://ae04.alicdn.com/kf/H73dad5780d8a4410acc29fc7544f0f82h.jpg,https://ae04.alicdn.com/kf/H773fa929ce274609a14014a0091e5628J.jpg,https://ae04.alicdn.com/kf/Ha0e3fb9ff2764e328cf61200143ba8bdM.jpg,",https://www.aliexpress.com/item/1005001742440034.html,79.20,39.60,30.00%,2098-12-31,50%,https://s.click.aliexpress.com/e/_AtswRC
Women's Shoes,200133142,Brand D Women's Luxury Sneakers For Women Fashion Casual Sneakers Sport Shoes Woman Mesh Breathable Tennis Female Running Shoes,1005001731664279,https://ae01.alicdn.com/kf/H9ca58e40e47d46dca99e04cc4f369445x/Brand-D-Women-s-Luxury-Sneakers-For-Women-Fashion-Casual-Sneakers-Sport-Shoes-Woman-Mesh-Breathable.jpg_220x220.jpg,"https://ae04.alicdn.com/kf/H9ca58e40e47d46dca99e04cc4f369445x.jpg,https://ae04.alicdn.com/kf/H2e65f374e6f74492a108d09b304068158.jpg,https://ae04.alicdn.com/kf/H406b5f1a98dd4b8f9082149f21ec3fdeE.jpg,https://ae04.alicdn.com/kf/Hefad56a85b494724b8a6ebbdf366d4cfx.jpg,https://ae04.alicdn.com/kf/Ha9997dc320ff4de8880b3273f9dd797bV.jpg,",https://www.aliexpress.com/item/1005001731664279.html,70.00,35.00,30.00%,2098-12-31,50%,https://s.click.aliexpress.com/e/_AdeF3M
Women's Shoes,200133142,Women's Sexy Long Boots Women Winter Over The Knee Heels Shoes Thigh High Boots New Spring Female Stretch High Heel Plus Size 43,1005001862882833,https://ae01.alicdn.com/kf/H3437dbc3ca2042d8adea1ec76ac35e87c/Women-s-Sexy-Long-Boots-Women-Winter-Over-The-Knee-Heels-Shoes-Thigh-High-Boots-New.jpg_220x220.jpg,"https://ae04.alicdn.com/kf/H3437dbc3ca2042d8adea1ec76ac35e87c.jpg,https://ae04.alicdn.com/kf/Hc1801858948c435cb2e3d56d1e462a407.jpg,https://ae04.alicdn.com/kf/Had9d8ff6984f42ef908c8b1075f63511N.jpg,https://ae04.alicdn.com/kf/H7de60e6f8c4144a98dc7716fa6e01177r.jpg,",https://www.aliexpress.com/item/1005001862882833.html,61.88,27.85,30.00%,2098-12-31,55%,https://s.click.aliexpress.com/e/_A0E1Uq
Women's Shoes,200133142,Woman Black Sexy Long Boots Women Heel High Shoes Ladies Over The Knee High Boots Autumn Winter Female Fashion Stretch Boots,1005001681977426,https://ae01.alicdn.com/kf/Ha4aabeee641d478bb0fd91df5448d452y/Woman-Black-Sexy-Long-Boots-Women-Heel-High-Shoes-Ladies-Over-The-Knee-High-Boots-Autumn.jpg_220x220.jpg,"https://ae04.alicdn.com/kf/Ha4aabeee641d478bb0fd91df5448d452y.jpg,https://ae04.alicdn.com/kf/Hd8edea600a8d480aaeed05813f945c7fX.jpg,https://ae04.alicdn.com/kf/H9cff6ef7827d4ea18fe770cd913b3f515.jpg,https://ae04.alicdn.com/kf/Hfa817c1358ef41cbabd1b8537afe6feaU.jpg,https://ae04.alicdn.com/kf/H5785cfa1b4f74effb88038e4c4a2611eD.jpg,",https://www.aliexpress.com/item/1005001681977426.html,70.25,28.80,30.00%,2098-12-31,59%,https://s.click.aliexpress.com/e/_AFHfI6
Women's Shoes,200133142,Women's Black Sexy Long Boots Women Over Knee Boots Leather High Quality Shoes 2021 Fashion Thigh High Boots Female Plus Size 43,1005001482179688,https://ae01.alicdn.com/kf/Hd45c7dde48a946f39f5da72f45d1e80cU/Women-s-Black-Sexy-Long-Boots-Women-Over-Knee-Boots-Leather-High-Quality-Shoes-2021-Fashion.jpg_220x220.jpg,"https://ae04.alicdn.com/kf/Hd45c7dde48a946f39f5da72f45d1e80cU.jpg,https://ae04.alicdn.com/kf/H4e3473e381d24cf688900c88f681c3088.jpg,https://ae04.alicdn.com/kf/H155f70ad54594d20865084558e726b34W.jpg,https://ae04.alicdn.com/kf/H6c6777febd4041a0a0009ce5b6cfe343M.jpg,",https://www.aliexpress.com/item/1005001482179688.html,71.19,32.04,50.00%,2098-12-31,55%,https://s.click.aliexpress.com/e/_AWwCDU
Women's Shoes,200133142,Women's Shoes 2021 Summer New Fashion Thick Heels Strapping Ladies Sandals Sexy High Heel Shoes Bind Sandals Temperament Leisure,1005002029133659,https://ae01.alicdn.com/kf/Hfc302a19054143be84d5e71c91cbdd33Q/Women-s-Shoes-2021-Summer-New-Fashion-Thick-Heels-Strapping-Ladies-Sandals-Sexy-High-Heel-Shoes.jpg_220x220.jpg,"https://ae04.alicdn.com/kf/Hfc302a19054143be84d5e71c91cbdd33Q.jpg,https://ae04.alicdn.com/kf/H31a5173b909f4747bd1830926e6e1a72F.jpg,https://ae04.alicdn.com/kf/H075888bc096c451fad333a6fc75be512w.jpg,https://ae04.alicdn.com/kf/H16c8174c72b6482998ff1b4a3c7515f5F.jpg,https://ae04.alicdn.com/kf/Hc78850d9c3094d0bb5f2a5e7f8be5a69h.jpg,",https://www.aliexpress.com/item/1005002029133659.html,53.19,27.66,50.00%,2098-12-31,48%,https://s.click.aliexpress.com/e/_A9788i
Women's Shoes,200133142,Women Boots 2021 Autumn Winter Fashion Martin Woman Shoes Round Toe Leisure Platform Soft Warm Fur Female Mid Calf Work Booties,1005002027113467,https://ae01.alicdn.com/kf/H74809910072c4897995238778fb3d6bdD/Women-Boots-2021-Autumn-Winter-Fashion-Martin-Woman-Shoes-Round-Toe-Leisure-Platform-Soft-Warm-Fur.jpg_220x220.jpg,"https://ae04.alicdn.com/kf/H74809910072c4897995238778fb3d6bdD.jpg,https://ae04.alicdn.com/kf/H51a2ac3db12f46ca957ba3664902b3ddC.jpg,https://ae04.alicdn.com/kf/Hca854ac87c7944d180aabb947251a1d6G.jpg,https://ae04.alicdn.com/kf/Hd8484ec6e65a4411bfa5f35df44dc5d5Y.jpg,https://ae04.alicdn.com/kf/Ha2c39e0873e04dc98483069af98ede74N.jpg,",https://www.aliexpress.com/item/1005002027113467.html,68.56,35.65,50.00%,2098-12-31,48%,https://s.click.aliexpress.com/e/_AFFiKq
Women's Shoes,200133142,Professional Custom Ladies Sandals Women's Boots Women Heels Personalized Customization Plus Size 30-52,1005001894029108,https://ae01.alicdn.com/kf/H7f3d32b81fe74386963ca91c3521f2484/Professional-Custom-Ladies-Sandals-Women-s-Boots-Women-Heels-Personalized-Customization-Plus-Size-30-52.jpg_220x220.jpg,"https://ae04.alicdn.com/kf/H7f3d32b81fe74386963ca91c3521f2484.jpg,",https://www.aliexpress.com/item/1005001894029108.html,100.00,36.00,8.00%,2098-12-31,64%,https://s.click.aliexpress.com/e/_AppL1o
Women's Shoes,200133142,Women Summer Shoes Sexy Thick High Heel Sandals 2021 New Gladiator Fashion Ankle Strap Fish's Mouth Sandals Ladies Casual Shoes,1005002073090091,https://ae01.alicdn.com/kf/H5e4ce85ec2a946cf904b035863f4609ao/Women-Summer-Shoes-Sexy-Thick-High-Heel-Sandals-2021-New-Gladiator-Fashion-Ankle-Strap-Fish-s.jpg_220x220.jpg,"https://ae04.alicdn.com/kf/H5e4ce85ec2a946cf904b035863f4609ao.jpg,https://ae04.alicdn.com/kf/H56edabe4fc0d45fe81e36cc33b104f358.jpg,https://ae04.alicdn.com/kf/Hed46555a36384c9480c902bda8c9b418N.jpg,https://ae04.alicdn.com/kf/H7db83e3b7d3d4de2a56e9e77810c76ef3.jpg,",https://www.aliexpress.com/item/1005002073090091.html,70.19,29.48,30.00%,2098-12-31,58%,https://s.click.aliexpress.com/e/_A85hiE
Women's Shoes,200133142,Fashion Spring Autumn Shoes 2021 New Genuine Leather Ankle Boots Women Thick Heel Zipper Booties Ladies Metal Buckles Shoes,1005002068299920,https://ae01.alicdn.com/kf/H806ad3dd7ee54b78b6acea1599a1f616Y/Fashion-Spring-Autumn-Shoes-2021-New-Genuine-Leather-Ankle-Boots-Women-Thick-Heel-Zipper-Booties-Ladies.jpg_220x220.jpg,"https://ae04.alicdn.com/kf/H806ad3dd7ee54b78b6acea1599a1f616Y.jpg,https://ae04.alicdn.com/kf/Hc636501a24d640b6bc80986ec184781cZ.jpg,https://ae04.alicdn.com/kf/H8779b15624b141c68812914e9d92048bM.jpg,https://ae04.alicdn.com/kf/Hc89eb4a95c024f84acc02675676946a8O.jpg,https://ae04.alicdn.com/kf/H10b35fef06724ccb80b3639ea1aaa4a68.jpg,",https://www.aliexpress.com/item/1005002068299920.html,80.29,33.72,30.00%,2098-12-31,58%,https://s.click.aliexpress.com/e/_A2XqLu
Women's Shoes,200133142,Winter Fashion British Ankle Boots Women Suede Side Zipper Warm Short Booties Ladies Thin Heel New Shoes Big Size 42,1005002069198301,https://ae01.alicdn.com/kf/H035ba7fcfaf64374942d958cfbb50147I/Winter-Fashion-British-Ankle-Boots-Women-Suede-Side-Zipper-Warm-Short-Booties-Ladies-Thin-Heel-New.jpg_220x220.jpg,"https://ae04.alicdn.com/kf/H035ba7fcfaf64374942d958cfbb50147I.jpg,https://ae04.alicdn.com/kf/H882233af50d541759ffb3f5570519f7cE.jpg,https://ae04.alicdn.com/kf/H1af5f3995ca44769b912b9aede6f774dd.jpg,https://ae04.alicdn.com/kf/H5d26386860ef421096cc8ae4e4d1fc4cI.jpg,https://ae04.alicdn.com/kf/H3549761b45ee4a4cb8df27db30288e4fd.jpg,",https://www.aliexpress.com/item/1005002069198301.html,73.22,30.75,30.00%,2098-12-31,58%,https://s.click.aliexpress.com/e/_AWoE7o
Women's Shoes,200133142,Women's Shoes Fur Slides Fashion Shark Cartoon Comfortable Flat Slippers Woman Rubber House Slippers For Women,4000098820514,https://ae01.alicdn.com/kf/HTB102kGXubviK0jSZFNq6yApXXaQ/Women-s-Shoes-Fur-Slides-Fashion-Shark-Cartoon-Comfortable-Flat-Slippers-Woman-Rubber-House-Slippers-For.jpg_220x220.jpg,"https://ae04.alicdn.com/kf/HTB102kGXubviK0jSZFNq6yApXXaQ.jpg,https://ae04.alicdn.com/kf/HTB1yC6faoY1gK0jSZFMq6yWcVXa2.jpg,https://ae04.alicdn.com/kf/HTB1L5_gai_1gK0jSZFqq6ApaXXaW.jpg,https://ae04.alicdn.com/kf/HTB1JeHfafb2gK0jSZK9q6yEgFXaI.jpg,https://ae04.alicdn.com/kf/HTB1q_bfaoz1gK0jSZLeq6z9kVXaq.jpg,",https://www.aliexpress.com/item/4000098820514.html,19.98,10.99,8.00%,2098-12-31,45%,https://s.click.aliexpress.com/e/_9HSQEQ
Women's Shoes,200133142,High Quality Bathroom Slippers Women Deodorant EVA Indoor Slippers Non-slip Hotel Summer Shoes Light Weight Soft Home Slippers,1005002125619123,https://ae01.alicdn.com/kf/H05b2761f70484f6bb4984171c2ed44f6R/High-Quality-Bathroom-Slippers-Women-Deodorant-EVA-Indoor-Slippers-Non-slip-Hotel-Summer-Shoes-Light-Weight.jpg_220x220.jpg,"https://ae04.alicdn.com/kf/H05b2761f70484f6bb4984171c2ed44f6R.jpg,https://ae04.alicdn.com/kf/He6c87867ca214026833ce64069466e5f9.jpg,https://ae04.alicdn.com/kf/He93ca2cdc7f94feeb42c4e899a11edd0g.jpg,https://ae04.alicdn.com/kf/H00be51cba9a74c52a544967eef5c1dbcl.jpg,https://ae04.alicdn.com/kf/Hb159d60a56e545df906a185b9e2f0645L.jpg,",https://www.aliexpress.com/item/1005002125619123.html,19.92,9.96,8.00%,2098-12-31,50%,https://s.click.aliexpress.com/e/_A8RfoO
Women's Shoes,200133142,Fashion Beach Slippers Women Outdoor Summer New Hole Shoes Female Flat-Bottomed Version of All-Match Print Baotou Jelly Slippers,1005002125333290,https://ae01.alicdn.com/kf/Habe8a21ff11f4a1090d066a3e75f6ff4o/Fashion-Beach-Slippers-Women-Outdoor-Summer-New-Hole-Shoes-Female-Flat-Bottomed-Version-of-All-Match.jpg_220x220.jpg,"https://ae04.alicdn.com/kf/Habe8a21ff11f4a1090d066a3e75f6ff4o.jpg,https://ae04.alicdn.com/kf/H587cff04925e4a7393d2a739b66e7d9b6.jpg,https://ae04.alicdn.com/kf/Hdbb106a40980477d8b62331bf52b6c98p.jpg,https://ae04.alicdn.com/kf/H77b1b6f674f446bf81877ac7b8d98c38Q.jpg,https://ae04.alicdn.com/kf/H0b4230e476ac4f7e8c53380e8a9d679fs.jpg,",https://www.aliexpress.com/item/1005002125333290.html,31.98,15.99,8.00%,2098-12-31,50%,https://s.click.aliexpress.com/e/_APOUCa
Women's Shoes,200133142,Cool Slippers Women Summer Non-Slip Bathroom Thick Bottom Indoor Slippers Comfy Women's Slippers for Home Couples Soft Slippers,1005002124956955,https://ae01.alicdn.com/kf/Hf79111f296e443c2b430258f7e5e9261k/Cool-Slippers-Women-Summer-Non-Slip-Bathroom-Thick-Bottom-Indoor-Slippers-Comfy-Women-s-Slippers-for.jpg_220x220.jpg,"https://ae04.alicdn.com/kf/Hf79111f296e443c2b430258f7e5e9261k.jpg,https://ae04.alicdn.com/kf/Hc413105049c443f2a49b7189659ec851a.jpg,https://ae04.alicdn.com/kf/H6b0c265edd784a818a46c681decc3522h.jpg,https://ae04.alicdn.com/kf/Ha87a88460eae4f428cced333a9ef2cb1X.jpg,https://ae04.alicdn.com/kf/Hbfc62cf8302241c8850b9168dfdc8ec33.jpg,",https://www.aliexpress.com/item/1005002124956955.html,21.98,10.99,8.00%,2098-12-31,50%,https://s.click.aliexpress.com/e/_9y4UAm
Women's Shoes,200133142,Summer New Hole Shoes Female Flat-Bottomed Version of All-Match Solid Baotou Jelly Slippers Fashion Beach Slippers Women Outdoor,1005002125084202,https://ae01.alicdn.com/kf/H5fb8b347b0d94d77b1452bdb3bd67dd0C/Summer-New-Hole-Shoes-Female-Flat-Bottomed-Version-of-All-Match-Solid-Baotou-Jelly-Slippers-Fashion.jpg_220x220.jpg,"https://ae04.alicdn.com/kf/H5fb8b347b0d94d77b1452bdb3bd67dd0C.jpg,https://ae04.alicdn.com/kf/H4c61e7b80aab498f8138bde458b54a50j.jpg,https://ae04.alicdn.com/kf/Hd27f7081a8fd45728af1f376645b1bf3n.jpg,https://ae04.alicdn.com/kf/Hea3109c1dd4c4fd0b00a49160c0047994.jpg,https://ae04.alicdn.com/kf/H286e7a0d0069467383d378e20b546ed4j.jpg,",https://www.aliexpress.com/item/1005002125084202.html,25.98,12.99,8.00%,2098-12-31,50%,https://s.click.aliexpress.com/e/_AsbaeO
Women's Shoes,200133142,2021 New Metal Ring Women Slippers Fashion Comfy Flat House Slippers Woman Casual Summer Beach Slippers Beauty Soft Slippers,1005002124926355,https://ae01.alicdn.com/kf/H13a3d5d77b344163a3814c055d666e9b6/2021-New-Metal-Ring-Women-Slippers-Fashion-Comfy-Flat-House-Slippers-Woman-Casual-Summer-Beach-Slippers.jpg_220x220.jpg,"https://ae04.alicdn.com/kf/H13a3d5d77b344163a3814c055d666e9b6.jpg,https://ae04.alicdn.com/kf/H925d20eb1e2e4bceade85327a61c3b1ci.jpg,https://ae04.alicdn.com/kf/H829f78f4af124ee1857d49ec52aec427z.jpg,https://ae04.alicdn.com/kf/He30644a84cfc47618f0d1c07b8bee16fQ.jpg,https://ae04.alicdn.com/kf/Hcf09eac62de64dd89cde725df80c89c5r.jpg,",https://www.aliexpress.com/item/1005002124926355.html,19.98,9.99,8.00%,2098-12-31,50%,https://s.click.aliexpress.com/e/_9GJa86
Women's Shoes,200133142,Women's Sandals for The Summer 2021 New Fashion Women's Flat Sandals Plus Size Pleated Sandals Casual Beach Slippers Female,1005002124862278,https://ae01.alicdn.com/kf/Hd44bc3099e93453dba8bb924692a6712t/Women-s-Sandals-for-The-Summer-2021-New-Fashion-Women-s-Flat-Sandals-Plus-Size-Pleated.jpg_220x220.jpg,"https://ae04.alicdn.com/kf/Hd44bc3099e93453dba8bb924692a6712t.jpg,https://ae04.alicdn.com/kf/Hd9075fb5f68746788e7bc2d302f08c04O.jpg,https://ae04.alicdn.com/kf/Hb4e8f989e4c745d2afb99e9a8168a7297.jpg,https://ae04.alicdn.com/kf/H1d604301949f42b886a0b8840c124893m.jpg,https://ae04.alicdn.com/kf/H89638a8b2b0647f7ad2a8f920630fb7cn.jpg,",https://www.aliexpress.com/item/1005002124862278.html,25.42,12.71,8.00%,2098-12-31,50%,https://s.click.aliexpress.com/e/_AcKlHC
Women's Shoes,200133142,Sandals Women's Summer 2021 New Korean Women's Flat Sandals Velcro Open-Toe Beach Sandals Comfy Platform Shoes Woman,1005002124726542,https://ae01.alicdn.com/kf/Hdb312259579543718036914d62656839X/Sandals-Women-s-Summer-2021-New-Korean-Women-s-Flat-Sandals-Velcro-Open-Toe-Beach-Sandals.jpg_220x220.jpg,"https://ae04.alicdn.com/kf/Hdb312259579543718036914d62656839X.jpg,https://ae04.alicdn.com/kf/H82605c9c45564015bd753d50ab9dcb4el.jpg,https://ae04.alicdn.com/kf/H45c89861a3374d87afcda6a4790d9ffdc.jpg,https://ae04.alicdn.com/kf/Hb0b1e70ba08a4c528fad05f2d0ef25e05.jpg,https://ae04.alicdn.com/kf/H4c48882134b84ec4b46c76403edf5f74Z.jpg,",https://www.aliexpress.com/item/1005002124726542.html,31.98,15.99,8.00%,2098-12-31,50%,https://s.click.aliexpress.com/e/_As8zSi
Women's Shoes,200133142,New Comfy Beautiful Women Sandals Casual Thick-Heeled Roman Style Student Sandals Fashion Women's Summer Sandals,1005002124591870,https://ae01.alicdn.com/kf/H1dc944ab87cd4b5286de601125124027B/New-Comfy-Beautiful-Women-Sandals-Casual-Thick-Heeled-Roman-Style-Student-Sandals-Fashion-Women-s-Summer.jpg_220x220.jpg,"https://ae04.alicdn.com/kf/H1dc944ab87cd4b5286de601125124027B.jpg,https://ae04.alicdn.com/kf/H72eba07505924764b88abf39ddf2a8b4J.jpg,https://ae04.alicdn.com/kf/Ha473626fa0224a09a673dfc13478a419K.jpg,https://ae04.alicdn.com/kf/Hc6ce52db049140d9b0b2cc9cfbc1b8b8D.jpg,https://ae04.alicdn.com/kf/H64ab9425fafa4bea86c27417248f859al.jpg,",https://www.aliexpress.com/item/1005002124591870.html,33.38,16.69,8.00%,2098-12-31,50%,https://s.click.aliexpress.com/e/_AVUlmw
Women's Shoes,200133142,2021 New Sandal Women Summer Casual Women's Shoes Comfortable Low-Heel Flat Pregnant Women Sandals Soft Women's Beach Shoes,1005002124695141,https://ae01.alicdn.com/kf/H6058b895dae14de99b866736a2ed853eY/2021-New-Sandal-Women-Summer-Casual-Women-s-Shoes-Comfortable-Low-Heel-Flat-Pregnant-Women-Sandals.jpg_220x220.jpg,"https://ae04.alicdn.com/kf/H6058b895dae14de99b866736a2ed853eY.jpg,https://ae04.alicdn.com/kf/H43ff23e64e25440ea7959bae90351912O.jpg,https://ae04.alicdn.com/kf/Hb9b01f1abd87466cab1fab88d0a04a0d1.jpg,https://ae04.alicdn.com/kf/H058a2d55ff834b3cb35ec3ee0350f6515.jpg,https://ae04.alicdn.com/kf/H4d00752f406b4fd2bd950dbaf6966610b.jpg,",https://www.aliexpress.com/item/1005002124695141.html,31.38,15.69,8.00%,2098-12-31,50%,https://s.click.aliexpress.com/e/_9xYXpu
Women's Shoes,200133142,New Women Flat Sandals Ladies Clip Toe Cross Strap Thong Sandals Shoes Woman Beach Free-Binding Sandals Mules for Women 2021,1005002124516115,https://ae01.alicdn.com/kf/H6956ca302c544891bc8ba187d764674c5/New-Women-Flat-Sandals-Ladies-Clip-Toe-Cross-Strap-Thong-Sandals-Shoes-Woman-Beach-Free-Binding.jpg_220x220.jpg,"https://ae04.alicdn.com/kf/H6956ca302c544891bc8ba187d764674c5.jpg,https://ae04.alicdn.com/kf/Hd83d7af40b2642cebf6b95debd9c0b799.jpg,https://ae04.alicdn.com/kf/Hb91c105cca3948b195e43f5f29367be2y.jpg,https://ae04.alicdn.com/kf/Hd9efc1a9e1004bac8db4b252cb8bc232P.jpg,https://ae04.alicdn.com/kf/H116cc2bfc83a43ffb00c9bd1175508331.jpg,",https://www.aliexpress.com/item/1005002124516115.html,23.98,11.99,8.00%,2098-12-31,50%,https://s.click.aliexpress.com/e/_AOiWZ8
Women's Shoes,200133142,New Women's Sandals for The Summer Comfy Hollow Women's Flat Sandals Design Sandals Women Breathable Fashion Big Size Shoes,1005002124040122,https://ae01.alicdn.com/kf/He872433c7fd14998a457b5de73e985cc1/New-Women-s-Sandals-for-The-Summer-Comfy-Hollow-Women-s-Flat-Sandals-Design-Sandals-Women.jpg_220x220.jpg,"https://ae04.alicdn.com/kf/He872433c7fd14998a457b5de73e985cc1.jpg,https://ae04.alicdn.com/kf/H6274d9b81bf04e5289dac3ca58356207t.jpg,https://ae04.alicdn.com/kf/H336f9c0d0f154b77a2f6217f2d9bd4a9j.jpg,https://ae04.alicdn.com/kf/Hb0ba3615b4164e5f9fb37778313bf059B.jpg,https://ae04.alicdn.com/kf/H30755555fd2b4a7689b97c8d4f83040aD.jpg,",https://www.aliexpress.com/item/1005002124040122.html,33.98,16.99,8.00%,2098-12-31,50%,https://s.click.aliexpress.com/e/_9ABMDM
Women's Shoes,200133142,2021 New Women Sneakers Fashion Autumn Girls Casual Shoes Breathable Sports Platform Dad Shoes Sneakers White Zapatillas Mujer,1005002119926133,https://ae01.alicdn.com/kf/H9a650ff7312e4fdba17776ed969666905/2021-New-Women-Sneakers-Fashion-Autumn-Girls-Casual-Shoes-Breathable-Sports-Platform-Dad-Shoes-Sneakers-White.jpg_220x220.jpg,"https://ae04.alicdn.com/kf/H9a650ff7312e4fdba17776ed969666905.jpg,https://ae04.alicdn.com/kf/H762b9c94d4764e20a489377332bfeb62E.jpg,https://ae04.alicdn.com/kf/H81583c5907484b469eb403a946025ccaf.jpg,https://ae04.alicdn.com/kf/H8856c8899a7a450384e5b5c6386fb6f7x.jpg,https://ae04.alicdn.com/kf/Ha0b6e2c00d0747ef9d530ffa89b3260e7.jpg,",https://www.aliexpress.com/item/1005002119926133.html,15.45,9.27,8.00%,2098-12-31,40%,https://s.click.aliexpress.com/e/_ApxszU
Women's Shoes,200133142,Women Sneakers Girls Thick Sole Shoes Breathable Sports Ladies Jogging Daddy Shoes Sneakers Zapatillas Mujer Running Shoes,1005002119732944,https://ae01.alicdn.com/kf/H7e92994f4d8c457892bcd8a2f401ff32N/Women-Sneakers-Girls-Thick-Sole-Shoes-Breathable-Sports-Ladies-Jogging-Daddy-Shoes-Sneakers-Zapatillas-Mujer-Running.jpg_220x220.jpg,"https://ae04.alicdn.com/kf/H7e92994f4d8c457892bcd8a2f401ff32N.jpg,https://ae04.alicdn.com/kf/Hcbe7d78ad4a0451c8d91c4b41a8f30d1m.jpg,https://ae04.alicdn.com/kf/H488a1fb0630c4ef48d880b6cb7316ca7h.jpg,https://ae04.alicdn.com/kf/H93cd03eea09e4fb5b0171ce731c17030Y.jpg,https://ae04.alicdn.com/kf/H9d472bb5a4214ec9bacdaf85cc96b736n.jpg,",https://www.aliexpress.com/item/1005002119732944.html,15.45,9.27,8.00%,2098-12-31,40%,https://s.click.aliexpress.com/e/_9AhtVg
Women's Shoes,200133142,2021 Fashion Sneakers Women D Brand Platform Women's Autumn Sport Shoes Female Casual Breathable Spring Sneakers Ladies Footwear,1005001697046138,https://ae01.alicdn.com/kf/Hcab64972b98b44dfa5da3cd81c994f6ct/2021-Fashion-Sneakers-Women-D-Brand-Platform-Women-s-Autumn-Sport-Shoes-Female-Casual-Breathable-Spring.jpg_220x220.jpg,"https://ae04.alicdn.com/kf/Hcab64972b98b44dfa5da3cd81c994f6ct.jpg,https://ae04.alicdn.com/kf/H3936bc77235f4aae902a64329060c56c6.jpg,https://ae04.alicdn.com/kf/H155485a885ab403ab6b761a3b206e0a6d.jpg,https://ae04.alicdn.com/kf/H7557792bcac0407cbec6b9c8911bb881I.jpg,https://ae04.alicdn.com/kf/H9904ca5a9e244783ab7cade3f04b99da7.jpg,",https://www.aliexpress.com/item/1005001697046138.html,108.00,54.00,20.00%,2098-12-31,50%,https://s.click.aliexpress.com/e/_ANUlKa
Women's Shoes,200133142,2021 Summer Women's Shoes New Solid Color Flat Heel Slippers Casual Diamond Slippers Women Wear Retro Sandals,1005002011460411,https://ae01.alicdn.com/kf/H02759c14855c422c95c145b4831b825bI/2021-Summer-Women-s-Shoes-New-Solid-Color-Flat-Heel-Slippers-Casual-Diamond-Slippers-Women-Wear.jpg_220x220.jpg,"https://ae04.alicdn.com/kf/H02759c14855c422c95c145b4831b825bI.jpg,https://ae04.alicdn.com/kf/Hc3ed3beb0fb14b899d341da85d8b866bo.jpg,https://ae04.alicdn.com/kf/Hc43c6b6614194a2f840508e989590d39p.jpg,https://ae04.alicdn.com/kf/H02e985a9b2df4e78a1e51f0dda2456fdM.jpg,https://ae04.alicdn.com/kf/H01e8cb5f65544685b12139bc17f97d43S.jpg,",https://www.aliexpress.com/item/1005002011460411.html,56.99,,30.00%,2098-12-31,null%,https://s.click.aliexpress.com/e/_9jYXMQ
Women's Shoes,200133142,Women Flat Shoes Summer Sweet  Butterfly-knot Slippers 2021 New Casual Beach Flip Flops Ladies Fashion Outside Shoes,1005002054290117,https://ae01.alicdn.com/kf/H7b93a472692c4324ada650d0e8a187feu/Women-Flat-Shoes-Summer-Sweet-Butterfly-knot-Slippers-2021-New-Casual-Beach-Flip-Flops-Ladies-Fashion.jpg_220x220.jpg,"https://ae04.alicdn.com/kf/H7b93a472692c4324ada650d0e8a187feu.jpg,https://ae04.alicdn.com/kf/H68e6aee6c89942b08e77b02e109970c3O.jpg,https://ae04.alicdn.com/kf/Ha7b14c781c694a6dbab92e495895b0e68.jpg,https://ae04.alicdn.com/kf/H29dbca30a6f245cf9e83254105898293T.jpg,https://ae04.alicdn.com/kf/H4ff3530b2a084c5f8902472e877abcdch.jpg,",https://www.aliexpress.com/item/1005002054290117.html,48.14,,30.00%,2098-12-31,null%,https://s.click.aliexpress.com/e/_AqCZsO
Women's Shoes,200133142,Slippers Women's Summer Flip Flops 2021 New Flat Shoes Ladies Casual Cork Beach Slippers Women Fashion Flower Outside Shoes,1005002057954446,https://ae01.alicdn.com/kf/Ha719577562de4f719ce2435aff03cdf1c/Slippers-Women-s-Summer-Flip-Flops-2021-New-Flat-Shoes-Ladies-Casual-Cork-Beach-Slippers-Women.jpg_220x220.jpg,"https://ae04.alicdn.com/kf/Ha719577562de4f719ce2435aff03cdf1c.jpg,https://ae04.alicdn.com/kf/H4df3c64079dd4102b648599a020907c8f.jpg,https://ae04.alicdn.com/kf/Hbfdcbef1e57e4f879dca2343a0dc1064h.jpg,https://ae04.alicdn.com/kf/H02d2f9e77e354368b1fa3d624eb76df9u.jpg,https://ae04.alicdn.com/kf/Hee16bd6db1894c6ab349364d9929c4d09.jpg,",https://www.aliexpress.com/item/1005002057954446.html,49.31,,30.00%,2098-12-31,null%,https://s.click.aliexpress.com/e/_98ldLM
Women's Shoes,200133142,Fashion Mary Jane Singel Shoes Women Spring Patent Leather Thick Sole Muffin Heel Shoes Buckle Strap Platform Shoes 2021 Ladies,1005002057985331,https://ae01.alicdn.com/kf/H5fee78ebb8c240228f64b3fdf7f0ba03A/Fashion-Mary-Jane-Singel-Shoes-Women-Spring-Patent-Leather-Thick-Sole-Muffin-Heel-Shoes-Buckle-Strap.jpg_220x220.jpg,"https://ae04.alicdn.com/kf/H5fee78ebb8c240228f64b3fdf7f0ba03A.jpg,https://ae04.alicdn.com/kf/Hee871686485d4d908ed9db2f260728fe2.jpg,https://ae04.alicdn.com/kf/Hae8c0884daa245569e1c5d9c41905780M.jpg,https://ae04.alicdn.com/kf/Hde6b86fd994c4588a177c0ceaecbe9731.jpg,https://ae04.alicdn.com/kf/Hc07b97a7091f46d0ba7923ad61f82cb3G.jpg,",https://www.aliexpress.com/item/1005002057985331.html,91.52,,30.00%,2098-12-31,null%,https://s.click.aliexpress.com/e/_AaPHDC
Women's Shoes,200133142,Fashion Mary Jane Singel Shoes Women Spring Patent Leather Thick Sole Shoes Buckle Strap Platform Shoes 2021 Ladies New,1005002049973377,https://ae01.alicdn.com/kf/H53c2705b0a2d4e03b41761c50e32dd7f3/Fashion-Mary-Jane-Singel-Shoes-Women-Spring-Patent-Leather-Thick-Sole-Shoes-Buckle-Strap-Platform-Shoes.jpg_220x220.jpg,"https://ae04.alicdn.com/kf/H53c2705b0a2d4e03b41761c50e32dd7f3.jpg,https://ae04.alicdn.com/kf/Hce553686ba4d439993260e029118bac9T.jpg,https://ae04.alicdn.com/kf/H1af034782596410da38312b7936bf690b.jpg,https://ae04.alicdn.com/kf/H8336cf963e794f72aeac7495dc483580D.jpg,https://ae04.alicdn.com/kf/Heb11303f38e34ff0817bb84c1c0a18aap.jpg,",https://www.aliexpress.com/item/1005002049973377.html,92.43,,30.00%,2098-12-31,null%,https://s.click.aliexpress.com/e/_Anrcjo
Women's Shoes,200133142,Women Spring Flat Shoes 2021 New Casual Strap Low Heel Single Shoes Ladies Fashion Leather Pointed Toe Shoes Big Size 34-43,1005002038502770,https://ae01.alicdn.com/kf/H2e7bab4c24bc4aaa88bd782555c69a7fA/Women-Spring-Flat-Shoes-2021-New-Casual-Strap-Low-Heel-Single-Shoes-Ladies-Fashion-Leather-Pointed.jpg_220x220.jpg,"https://ae04.alicdn.com/kf/H2e7bab4c24bc4aaa88bd782555c69a7fA.jpg,https://ae04.alicdn.com/kf/H32ac5cc189f24119aba1e08dc84fd072L.jpg,https://ae04.alicdn.com/kf/Hb7f533e700dc48ad958f26bb9838dad0F.jpg,https://ae04.alicdn.com/kf/H068c67877b5340e49368bac675f21297C.jpg,",https://www.aliexpress.com/item/1005002038502770.html,67.09,,30.00%,2098-12-31,null%,https://s.click.aliexpress.com/e/_A6LLeE
Women's Shoes,200133142,Women Knee High Boots Winter Western Knight Boots 2021 New Thick Sole Chunky Heel Boots Ladies Fashion Long Shoes,1005002037321827,https://ae01.alicdn.com/kf/H800445b795f34924ab24911c8802a3b6k/Women-Knee-High-Boots-Winter-Western-Knight-Boots-2021-New-Thick-Sole-Chunky-Heel-Boots-Ladies.jpg_220x220.jpg,"https://ae04.alicdn.com/kf/H800445b795f34924ab24911c8802a3b6k.jpg,https://ae04.alicdn.com/kf/H03ad993c50d74bacbf85d6493110aab0B.jpg,https://ae04.alicdn.com/kf/H414ba95f58314c75a9dc1b4b60e97d53x.jpg,https://ae04.alicdn.com/kf/H96eb8934fdd0409abcfc1b43deffb0e34.jpg,https://ae04.alicdn.com/kf/H8457cf7973364124be2be569afc38a83P.jpg,",https://www.aliexpress.com/item/1005002037321827.html,88.86,,30.00%,2098-12-31,null%,https://s.click.aliexpress.com/e/_9vAoTu
Women's Shoes,200133142,Women Flat Shoes Summer Rome Ethnic Hollow Out Sandals Casual Back Elastic Band Shoes 2021 Ladies New Fashion,1005002033067674,https://ae01.alicdn.com/kf/H22e77bdaf3b94dda96077cae68fc6c1ev/Women-Flat-Shoes-Summer-Rome-Ethnic-Hollow-Out-Sandals-Casual-Back-Elastic-Band-Shoes-2021-Ladies.jpg_220x220.jpg,"https://ae04.alicdn.com/kf/H22e77bdaf3b94dda96077cae68fc6c1ev.jpg,https://ae04.alicdn.com/kf/Ha164027b68a54940a8cbf68f61d75d2au.jpg,https://ae04.alicdn.com/kf/Heabaf6a8db864fbeac51e2a1124ec1d3z.jpg,https://ae04.alicdn.com/kf/He684bddbf23a4fabba4f5fe20bbff397m.jpg,https://ae04.alicdn.com/kf/H08b2ba496a804a42a5f6f8172c245c02a.jpg,",https://www.aliexpress.com/item/1005002033067674.html,69.02,,30.00%,2098-12-31,null%,https://s.click.aliexpress.com/e/_AobapU
Women's Shoes,200133142,Summer Women British Martin Boots Thick Sole Hollow Zipper Boots 2021 Breathable Lace-up Platform Booties Ladies Fashion Shoes,1005002053470077,https://ae01.alicdn.com/kf/Ha2536b01d59a4d23a4744a0038a6a939p/Summer-Women-British-Martin-Boots-Thick-Sole-Hollow-Zipper-Boots-2021-Breathable-Lace-up-Platform-Booties.jpg_220x220.jpg,"https://ae04.alicdn.com/kf/Ha2536b01d59a4d23a4744a0038a6a939p.jpg,https://ae04.alicdn.com/kf/H5a5f31601dd6457fb884d7b50bc768781.jpg,https://ae04.alicdn.com/kf/H05c642f8a98448e3ba1ef2d88b95c609V.jpg,https://ae04.alicdn.com/kf/H2c227ed2180e429798dbc61b4b6a8e60u.jpg,https://ae04.alicdn.com/kf/H0c857a3f706f4de88fd611206d1154811.jpg,",https://www.aliexpress.com/item/1005002053470077.html,79.64,,30.00%,2098-12-31,null%,https://s.click.aliexpress.com/e/_A7BsSO
Women's Shoes,200133142,Black Women's Ankle Boots Chelsea Thick Sole Boots Fashion Female Platform Shoes Ladies Spring New Short Booties,1005002058953503,https://ae01.alicdn.com/kf/Hc3ebd9528e1544df98329cf22fe4d168y/Black-Women-s-Ankle-Boots-Chelsea-Thick-Sole-Boots-Fashion-Female-Platform-Shoes-Ladies-Spring-New.jpg_220x220.jpg,"https://ae04.alicdn.com/kf/Hc3ebd9528e1544df98329cf22fe4d168y.jpg,https://ae04.alicdn.com/kf/He2109c73741b4be3a00493e5706c3bcde.jpg,https://ae04.alicdn.com/kf/H8dde70aab4e548948ee83656441f4b51s.jpg,https://ae04.alicdn.com/kf/H04f0dca1f85548f39f1a73c556ecfcbfp.jpg,https://ae04.alicdn.com/kf/H16f013b74baf46d48ac6c604efd79238j.jpg,",https://www.aliexpress.com/item/1005002058953503.html,79.50,,30.00%,2098-12-31,null%,https://s.click.aliexpress.com/e/_AbFiVM
Women's Shoes,200133142,Fashion Black Thick Sole Martin Boots Women British Lace-up Platform Ankle Boots 2021 Autumn British Zipper Short Shoes,1005002058620277,https://ae01.alicdn.com/kf/Hba373ae5b9194110b800aef23cc0a404s/Fashion-Black-Thick-Sole-Martin-Boots-Women-British-Lace-up-Platform-Ankle-Boots-2021-Autumn-British.jpg_220x220.jpg,"https://ae04.alicdn.com/kf/Hba373ae5b9194110b800aef23cc0a404s.jpg,https://ae04.alicdn.com/kf/H9d325179d4d347b09f7e4b4b4ee13334t.jpg,https://ae04.alicdn.com/kf/H743d671eaa104696ac26e714a384ba78q.jpg,https://ae04.alicdn.com/kf/Hcf39f62ed86c46be8d4a6a03870a1396l.jpg,https://ae04.alicdn.com/kf/Hdfc00acc15934f9eb9df1c760123ecb0J.jpg,",https://www.aliexpress.com/item/1005002058620277.html,72.19,,30.00%,2098-12-31,null%,https://s.click.aliexpress.com/e/_9u4D0m
Women's Shoes,200133142,Women Spring Running Shoes 2021 New Thick Sole Mixed-color Lace Up Sport Shoes Fashion Sneakers Ladies Vulcanized Shoes,1005002053852801,https://ae01.alicdn.com/kf/H8a48e57b96a042a39c7bc193847d159e2/Women-Spring-Running-Shoes-2021-New-Thick-Sole-Mixed-color-Lace-Up-Sport-Shoes-Fashion-Sneakers.jpg_220x220.jpg,"https://ae04.alicdn.com/kf/H8a48e57b96a042a39c7bc193847d159e2.jpg,https://ae04.alicdn.com/kf/H3612a0c2bced4ddab7b520fad58fb38dK.jpg,https://ae04.alicdn.com/kf/Hfb0befd93b094038a73b017bed0339463.jpg,https://ae04.alicdn.com/kf/H80db5bd8fc624073975a94cb58fee833x.jpg,https://ae04.alicdn.com/kf/H969b91d0b1f74d7fa4a82bad08f52ed1L.jpg,",https://www.aliexpress.com/item/1005002053852801.html,58.96,,30.00%,2098-12-31,null%,https://s.click.aliexpress.com/e/_AMEeqq
Women's Shoes,200133142,Women Spring Flat Vulcanized 2021 New Casual Mesh Ventilation Solid Slip OnWalking Shoes Ladies Sport Shoes Zapatos De Mujer,1005002028160793,https://ae01.alicdn.com/kf/H55c780a632024033a652863a18f2cef6Q/Women-Spring-Flat-Vulcanized-2021-New-Casual-Mesh-Ventilation-Solid-Slip-OnWalking-Shoes-Ladies-Sport-Shoes.jpg_220x220.jpg,"https://ae04.alicdn.com/kf/H55c780a632024033a652863a18f2cef6Q.jpg,https://ae04.alicdn.com/kf/Ha4f2e6e7d00343739354cff59eecdda5Z.jpg,https://ae04.alicdn.com/kf/Hd96f4bbaf1a9415d8d58399e7c807f24n.jpg,https://ae04.alicdn.com/kf/Heaa90da95aec4831b957251da5213364H.jpg,https://ae04.alicdn.com/kf/Hb46d651e59dc42f78842d46b43b92ae6r.jpg,",https://www.aliexpress.com/item/1005002028160793.html,63.30,,30.00%,2098-12-31,null%,https://s.click.aliexpress.com/e/_AgMIca
Women's Shoes,200133142,Women Spring Casual Flat Shoes Ladies Fashion Pointed Toe  Cross Strap Shoes 2021 New Roman Suede Soft Sole Shoes,1005002053164794,https://ae01.alicdn.com/kf/H2e387642cdad4cd4b9ec242bb2c7228dr/Women-Spring-Casual-Flat-Shoes-Ladies-Fashion-Pointed-Toe-Cross-Strap-Shoes-2021-New-Roman-Suede.jpg_220x220.jpg,"https://ae04.alicdn.com/kf/H2e387642cdad4cd4b9ec242bb2c7228dr.jpg,https://ae04.alicdn.com/kf/He6aa54a97cc74a4c8c176fe428d0f4153.jpg,https://ae04.alicdn.com/kf/H7a18abaca1914afe85dff697cac2a166j.jpg,https://ae04.alicdn.com/kf/H8cdb2e5e89254b639bc024efbf383f50D.jpg,https://ae04.alicdn.com/kf/Hbff01330e65242e09adb661ca273cabdd.jpg,",https://www.aliexpress.com/item/1005002053164794.html,53.73,,30.00%,2098-12-31,null%,https://s.click.aliexpress.com/e/_9QtgXC
Women's Shoes,200133142,Women's Mesh Breathable Sneakers Running Shoes Summer Spring Casual Sportswear Shoes Ladies Lace-up Platform Shoes,1005002028684969,https://ae01.alicdn.com/kf/Hff9477a1aba044949fc4f48841b98f21V/Women-s-Mesh-Breathable-Sneakers-Running-Shoes-Summer-Spring-Casual-Sportswear-Shoes-Ladies-Lace-up-Platform.jpg_220x220.jpg,"https://ae04.alicdn.com/kf/Hff9477a1aba044949fc4f48841b98f21V.jpg,https://ae04.alicdn.com/kf/H08a4dce274fc4c39bfebeac64e0730bc2.jpg,https://ae04.alicdn.com/kf/H0efdd5d7ca93433ba96d7cfebfc69fbfY.jpg,https://ae04.alicdn.com/kf/H8a570ead097146d49b43159c9e2c535f6.jpg,https://ae04.alicdn.com/kf/H88794c46f09245ebbb747ff58e5fee38M.jpg,",https://www.aliexpress.com/item/1005002028684969.html,56.17,,30.00%,2098-12-31,null%,https://s.click.aliexpress.com/e/_A48S4i
Women's Shoes,200133142,Women Shoes 2021 New Fashion Diamond Platform Sneakers Ladies Patent Leather Soft Bottom Thick Round Toe Show High Sports Shoes,1005002008246678,https://ae01.alicdn.com/kf/Hf0c07f9e2b13488ea116fe3eabe1a355o/Women-Shoes-2021-New-Fashion-Diamond-Platform-Sneakers-Ladies-Patent-Leather-Soft-Bottom-Thick-Round-Toe.jpg_220x220.jpg,"https://ae04.alicdn.com/kf/Hf0c07f9e2b13488ea116fe3eabe1a355o.jpg,https://ae04.alicdn.com/kf/Hda7d29a871b34c739daec527647df687A.jpg,https://ae04.alicdn.com/kf/H159f90e2d6a047989248b0a8fdd5c6b8W.jpg,https://ae04.alicdn.com/kf/H12c8c9be0c444525aac50f7484bf1912H.jpg,",https://www.aliexpress.com/item/1005002008246678.html,59.93,,30.00%,2098-12-31,null%,https://s.click.aliexpress.com/e/_9hSSwQ
Women's Shoes,200133142,Summer Knee-high Boots Women Sexy Hollow Breathable Mesh Long Boots Ladies Pointed Toe Thick Heel Boots 2021 New Fashion Shoes,1005002053534276,https://ae01.alicdn.com/kf/H354e3fe19b664b0fba03793c9638abb1e/Summer-Knee-high-Boots-Women-Sexy-Hollow-Breathable-Mesh-Long-Boots-Ladies-Pointed-Toe-Thick-Heel.jpg_220x220.jpg,"https://ae04.alicdn.com/kf/H354e3fe19b664b0fba03793c9638abb1e.jpg,https://ae04.alicdn.com/kf/H75d4b72da29c48e99c6264e807359a988.jpg,https://ae04.alicdn.com/kf/H3cb74d7e97724c14bc974ed1d37ce8a9k.jpg,https://ae04.alicdn.com/kf/H2978d15932654542a75c8fd5a2eaeaa7m.jpg,https://ae04.alicdn.com/kf/H2dd4112791b145d88dd69d13206032bcs.jpg,",https://www.aliexpress.com/item/1005002053534276.html,76.54,,30.00%,2098-12-31,null%,https://s.click.aliexpress.com/e/_ADpL8q
Women's Shoes,200133142,Fashion Woman Thick Heels Long Boots White Knee-high Boots Women Heel Sexy Zipper Ladies Thigh High Boots 2021 Autumn Shoes,1005002058168549,https://ae01.alicdn.com/kf/H40dae74c03be4b64bf74232d2cff0149t/Fashion-Woman-Thick-Heels-Long-Boots-White-Knee-high-Boots-Women-Heel-Sexy-Zipper-Ladies-Thigh.jpg_220x220.jpg,"https://ae04.alicdn.com/kf/H40dae74c03be4b64bf74232d2cff0149t.jpg,https://ae04.alicdn.com/kf/Hb30c65fd13b04a069ee7512f64f45f6aE.jpg,https://ae04.alicdn.com/kf/Hac16b772dbf54c8e9ce87bd1714ac8b5q.jpg,https://ae04.alicdn.com/kf/H8667e93f8ef94e169f1d12d4d756b34aZ.jpg,https://ae04.alicdn.com/kf/H25cd5265bec3422b806596c713577888o.jpg,",https://www.aliexpress.com/item/1005002058168549.html,71.17,,30.00%,2098-12-31,null%,https://s.click.aliexpress.com/e/_AU5hzo
Women's Shoes,200133142,Spring Autumn Single Shoes Women Casual Lace-up Mixed Color Shoes 2021 New Leather Low Heel Fashion Shoes  Big Size 43,1005002048791949,https://ae01.alicdn.com/kf/H2ee625af868443318d15d2f777b15d3cM/Spring-Autumn-Single-Shoes-Women-Casual-Lace-up-Mixed-Color-Shoes-2021-New-Leather-Low-Heel.jpg_220x220.jpg,"https://ae04.alicdn.com/kf/H2ee625af868443318d15d2f777b15d3cM.jpg,https://ae04.alicdn.com/kf/H6817059241d44628abe1ab34b1bb0b49l.jpg,https://ae04.alicdn.com/kf/Hd416824087e84021a4b501941e195627W.jpg,https://ae04.alicdn.com/kf/Hc52dd5d2470a4370bbf51585b94e98f6m.jpg,https://ae04.alicdn.com/kf/H2804307547dc45c1ae99573b670b4779X.jpg,",https://www.aliexpress.com/item/1005002048791949.html,57.15,,30.00%,2098-12-31,null%,https://s.click.aliexpress.com/e/_9wKmam
Women's Shoes,200133142,Summer Ankle Boots Women High Heel Mesh Breathable Hollow Boots 2021 New Sexy Zipper Pointed Toe Short Shoes Plus Size 42,1005002053593836,https://ae01.alicdn.com/kf/Hc04c2db74b964f1c8400bc36e402ca3fs/Summer-Ankle-Boots-Women-High-Heel-Mesh-Breathable-Hollow-Boots-2021-New-Sexy-Zipper-Pointed-Toe.jpg_220x220.jpg,"https://ae04.alicdn.com/kf/Hc04c2db74b964f1c8400bc36e402ca3fs.jpg,https://ae04.alicdn.com/kf/H8be5fd2f5b9049a1bce7ee051c213098P.jpg,https://ae04.alicdn.com/kf/Habc8d118a9aa46b79db75c1338fc52c8L.jpg,https://ae04.alicdn.com/kf/H57777977bdcb47f6adde569b480c4c29B.jpg,",https://www.aliexpress.com/item/1005002053593836.html,69.86,,30.00%,2098-12-31,null%,https://s.click.aliexpress.com/e/_ACVOoa
Women's Shoes,200133142,Spring Ankle Boots Women Black Mesh Breathable Thick Sole Short Boots Ladies Casual Socks Boots 2021 Fashion Shoes Plus Size 40,1005002053794416,https://ae01.alicdn.com/kf/H6a2cf53f284c45fc9195dc2a10025304u/Spring-Ankle-Boots-Women-Black-Mesh-Breathable-Thick-Sole-Short-Boots-Ladies-Casual-Socks-Boots-2021.jpg_220x220.jpg,"https://ae04.alicdn.com/kf/H6a2cf53f284c45fc9195dc2a10025304u.jpg,https://ae04.alicdn.com/kf/H987ba09b656d456584c2fbffc19eb6a9c.jpg,https://ae04.alicdn.com/kf/H181981b8f65846d981f1c8f956ba1931A.jpg,https://ae04.alicdn.com/kf/He2f52972ceb04d6aa72a04a0ddb6fe50i.jpg,https://ae04.alicdn.com/kf/H9916ed3b8ded4bf1966277402041693a3.jpg,",https://www.aliexpress.com/item/1005002053794416.html,63.72,,30.00%,2098-12-31,null%,https://s.click.aliexpress.com/e/_ATZG0w
Women's Shoes,200133142,Women Thin High Heel Pump Shoes 2021 Spring New Sexy Party Single Shoes Fashion Stripper Flock Platform Shallow Mouth Shoes,1005002054395635,https://ae01.alicdn.com/kf/H63a71cf51d9a4ee19db7ac340d8e04dca/Women-Thin-High-Heel-Pump-Shoes-2021-Spring-New-Sexy-Party-Single-Shoes-Fashion-Stripper-Flock.jpg_220x220.jpg,"https://ae04.alicdn.com/kf/H63a71cf51d9a4ee19db7ac340d8e04dca.jpg,https://ae04.alicdn.com/kf/Heb0938af872d4ea38a90e96a41c633c7b.jpg,https://ae04.alicdn.com/kf/H7a0f26614be2436e86e9501044d0b913Q.jpg,https://ae04.alicdn.com/kf/H973208a9ba674004b45fc97f098f07d8e.jpg,https://ae04.alicdn.com/kf/Hd0a5280b0f63417197557f6068105ee2I.jpg,",https://www.aliexpress.com/item/1005002054395635.html,68.52,,30.00%,2098-12-31,null%,https://s.click.aliexpress.com/e/_9iyZQ6
Women's Shoes,200133142,New Style Japanese Retro Square Head Big Head Doll College Style Mary Jane Small Shoes And Single Shoes In Spring And Autumn,1005002011675641,https://ae01.alicdn.com/kf/H131ce257e2884ea191f68e26e1ead2faQ/New-Style-Japanese-Retro-Square-Head-Big-Head-Doll-College-Style-Mary-Jane-Small-Shoes-And.jpg_220x220.jpg,"https://ae04.alicdn.com/kf/H131ce257e2884ea191f68e26e1ead2faQ.jpg,https://ae04.alicdn.com/kf/H7d9fdb1a67684ab293c78113fce2cb49F.jpg,https://ae04.alicdn.com/kf/H5f11eedf148043c49d536743ade18cc2f.jpg,https://ae04.alicdn.com/kf/Ha39db19516b54dc2b77f64846831b5b4K.jpg,https://ae04.alicdn.com/kf/H74d6f1635b53461db6b601a53f852da0x.jpg,",https://www.aliexpress.com/item/1005002011675641.html,68.64,,30.00%,2098-12-31,null%,https://s.click.aliexpress.com/e/_9RdAdM
Women's Shoes,200133142,Women Winter Flat Martin Boots Thick Sole Lace-up Ankle Boots 2021 New British Platform Nubuck Short Boots Ladies Fashion Shoes,1005002053943157,https://ae01.alicdn.com/kf/H4d78f06d1bef4a85b48ba501f3c7f26aW/Women-Winter-Flat-Martin-Boots-Thick-Sole-Lace-up-Ankle-Boots-2021-New-British-Platform-Nubuck.jpg_220x220.jpg,"https://ae04.alicdn.com/kf/H4d78f06d1bef4a85b48ba501f3c7f26aW.jpg,https://ae04.alicdn.com/kf/H9dce27a28ea847629d51b4e4849612fcV.jpg,https://ae04.alicdn.com/kf/Hcfef4b76f94a4e26b5d8995caffe81f0C.jpg,https://ae04.alicdn.com/kf/H5e0110b2a91946e581495155b2d05d27f.jpg,https://ae04.alicdn.com/kf/H06caff1db9d14eb7904eb598d3377a1cM.jpg,",https://www.aliexpress.com/item/1005002053943157.html,72.86,,30.00%,2098-12-31,null%,https://s.click.aliexpress.com/e/_ASv6vU
Women's Shoes,200133142,Women  Knee High Boots Autumn Suede Chunky Heel Shoes Ladies Black Stretch Flock Square To Boots 2021 Fashion Long Boots,1005002037154831,https://ae01.alicdn.com/kf/Hf6f41076015c403990791cc9c636a979o/Women-Knee-High-Boots-Autumn-Suede-Chunky-Heel-Shoes-Ladies-Black-Stretch-Flock-Square-To-Boots.jpg_220x220.jpg,"https://ae04.alicdn.com/kf/Hf6f41076015c403990791cc9c636a979o.jpg,https://ae04.alicdn.com/kf/H4ab31295df6d4fe796f7bf569ff9f887V.jpg,https://ae04.alicdn.com/kf/H1ecdaa43898941dc9943bdbf607f42e4e.jpg,",https://www.aliexpress.com/item/1005002037154831.html,68.20,,30.00%,2098-12-31,null%,https://s.click.aliexpress.com/e/_9i28Sq
Women's Shoes,200133142,Fashion Summer Ankle Boots Women Sexy Thin High Heel Pointed Toe Short Botas 2021 Ladies New Zipper Hollow Out Air Mesh Boots,1005002042572633,https://ae01.alicdn.com/kf/H49d2f5381eb44740b111241885985478R/Fashion-Summer-Ankle-Boots-Women-Sexy-Thin-High-Heel-Pointed-Toe-Short-Botas-2021-Ladies-New.jpg_220x220.jpg,"https://ae04.alicdn.com/kf/H49d2f5381eb44740b111241885985478R.jpg,https://ae04.alicdn.com/kf/H214bc800b72e4a9cac9a4c0460f568ecL.jpg,https://ae04.alicdn.com/kf/H2ec8cc5d114843d987175622fb4ff63an.jpg,https://ae04.alicdn.com/kf/H2ab10d077e684b50ae83987348441be51.jpg,https://ae04.alicdn.com/kf/H54e3f546345d45dfa05452046c32b351O.jpg,",https://www.aliexpress.com/item/1005002042572633.html,60.18,,30.00%,2098-12-31,null%,https://s.click.aliexpress.com/e/_9gIVO6
Women's Shoes,200133142,Autumn Black Mary Janes Pumps Women Fashion Shallow Lace-up Singel Shoes 2021 New Patent Leather Shoes Ladies Thick Heel Pumps,1005002062930735,https://ae01.alicdn.com/kf/Hf85b346b5313454abbfae4c53b09950d5/Autumn-Black-Mary-Janes-Pumps-Women-Fashion-Shallow-Lace-up-Singel-Shoes-2021-New-Patent-Leather.jpg_220x220.jpg,"https://ae04.alicdn.com/kf/Hf85b346b5313454abbfae4c53b09950d5.jpg,https://ae04.alicdn.com/kf/He7c08baacee043cb8dd5f35f4baafa8ek.jpg,https://ae04.alicdn.com/kf/Hfa0177e804bd42a2952dd78f74c79922Y.jpg,https://ae04.alicdn.com/kf/H4bdac732d4a54460ae457e840f9976837.jpg,https://ae04.alicdn.com/kf/H7e335a35acb74a4cab31dc53f5704c05r.jpg,",https://www.aliexpress.com/item/1005002062930735.html,46.99,,30.00%,2098-12-31,null%,https://s.click.aliexpress.com/e/_AlwxfU
Women's Shoes,200133142,Women Sandals Summer 2021 New Open Toe Thick Heel Pumps Gladiator Shoes Fashion Zipper Black Sandales Female,1005002010897585,https://ae01.alicdn.com/kf/H4b94d4e914f24f4a9f04de82a39fdc56h/Women-Sandals-Summer-2021-New-Open-Toe-Thick-Heel-Pumps-Gladiator-Shoes-Fashion-Zipper-Black-Sandales.jpg_220x220.jpg,"https://ae04.alicdn.com/kf/H4b94d4e914f24f4a9f04de82a39fdc56h.jpg,https://ae04.alicdn.com/kf/H9e61454e2e814eaf833496b0b8b1d7556.jpg,https://ae04.alicdn.com/kf/H1fed2c5db35c4c6ea0f946cce8c79028p.jpg,https://ae04.alicdn.com/kf/Ha0b0587250ff44d58cdfb0de2a3920775.jpg,https://ae04.alicdn.com/kf/Hb0f3f944f41940b9a7d61bbf9beb7c1fn.jpg,",https://www.aliexpress.com/item/1005002010897585.html,50.77,,30.00%,2098-12-31,null%,https://s.click.aliexpress.com/e/_ASn9No
Women's Shoes,200133142,Women Platform Ankle Boots Winter Chelsea Chunky High Heel Boots Ladies Suede Zipper Booties 2021 Black New Fashion Shoes,1005002042090426,https://ae01.alicdn.com/kf/H59a4e0949d204e6c9d02dfcdec1a0433Y/Women-Platform-Ankle-Boots-Winter-Chelsea-Chunky-High-Heel-Boots-Ladies-Suede-Zipper-Booties-2021-Black.jpg_220x220.jpg,"https://ae04.alicdn.com/kf/H59a4e0949d204e6c9d02dfcdec1a0433Y.jpg,https://ae04.alicdn.com/kf/H7c4a84e6284c4907a81a3ee13afc52089.jpg,https://ae04.alicdn.com/kf/H5463e93672a64f5b8c2a04197c39cdc8Y.jpg,https://ae04.alicdn.com/kf/H35806fc095524a498be03b58b51cf6e3W.jpg,https://ae04.alicdn.com/kf/H0206112a88f1496cab9c1bfea6567e90l.jpg,",https://www.aliexpress.com/item/1005002042090426.html,57.85,,30.00%,2098-12-31,null%,https://s.click.aliexpress.com/e/_AfexDs
Women's Shoes,200133142,Boots Woman Fashion 2021 Winter New Over The Knee Warm Fur Female Temperament Ladies High Heels Leisure Stretch Long Botas Women,1005002032033956,https://ae01.alicdn.com/kf/H48d92c0662a44c4b8ca25688d03d36cev/Boots-Woman-Fashion-2021-Winter-New-Over-The-Knee-Warm-Fur-Female-Temperament-Ladies-High-Heels.jpg_220x220.jpg,"https://ae04.alicdn.com/kf/H48d92c0662a44c4b8ca25688d03d36cev.jpg,https://ae04.alicdn.com/kf/H80bd18f04e854e189dadc30a62f29e37H.jpg,https://ae04.alicdn.com/kf/H73afedb6d8df45dbb3efc45e0e9ea0f5V.jpg,https://ae04.alicdn.com/kf/H6e351232f81a480380dc4368770655fbl.jpg,https://ae04.alicdn.com/kf/Hc7cddf1678704d859ee24aad35ebba1cJ.jpg,",https://www.aliexpress.com/item/1005002032033956.html,67.42,35.06,30.00%,2098-12-31,48%,https://s.click.aliexpress.com/e/_ABFrkq
Women's Shoes,200133142,Women Summer Shoes 2021 New Fashion Thick Sole Thong Sandals Women Casual Back Strap Buckle Shoes Ladies Big Size 43,1005002042802395,https://ae01.alicdn.com/kf/H45b5f882b57f4d7a81edca3de03a92caz/Women-Summer-Shoes-2021-New-Fashion-Thick-Sole-Thong-Sandals-Women-Casual-Back-Strap-Buckle-Shoes.jpg_220x220.jpg,"https://ae04.alicdn.com/kf/H45b5f882b57f4d7a81edca3de03a92caz.jpg,https://ae04.alicdn.com/kf/H3c39d6d7d3f040dbb3cb80aebfd3e245D.jpg,https://ae04.alicdn.com/kf/H27dea09b100241ff80df0d22540fc4dfq.jpg,https://ae04.alicdn.com/kf/H368edcfe8bc448978575a3094fb9109bY.jpg,https://ae04.alicdn.com/kf/Hfc1d11d5f4374b638f9ace4a97c767a4e.jpg,",https://www.aliexpress.com/item/1005002042802395.html,51.29,,30.00%,2098-12-31,null%,https://s.click.aliexpress.com/e/_AYR4aO
Women's Shoes,200133142,Women Thin High Heel Pump Shoes 2021 Spring New Sexy Party Single Shoes Fashion Stripper Flock Platform Shallow Mouth Shoes,1005002054326882,https://ae01.alicdn.com/kf/H8314cfd6509c48258d2c5108b89476f7v/Women-Thin-High-Heel-Pump-Shoes-2021-Spring-New-Sexy-Party-Single-Shoes-Fashion-Stripper-Flock.jpg_220x220.jpg,"https://ae04.alicdn.com/kf/H8314cfd6509c48258d2c5108b89476f7v.jpg,https://ae04.alicdn.com/kf/H8637aeb847774eda830a6181023517c05.jpg,https://ae04.alicdn.com/kf/Ha58b5a3e52074c4ebf66f99c047059772.jpg,https://ae04.alicdn.com/kf/Hf7814a67b2284449814326d7a9b9829bC.jpg,https://ae04.alicdn.com/kf/H74b2fa0b4a524492a17e94d9581b5c50m.jpg,",https://www.aliexpress.com/item/1005002054326882.html,68.52,35.63,30.00%,2098-12-31,48%,https://s.click.aliexpress.com/e/_AmWvlu
Women's Shoes,200133142,Shoes Women 2021 Winter New Fashion Boots Comfort Warm Fur Female Long Botas Pumps Western Knee High Ladies Work Knight Boots,1005002032112833,https://ae01.alicdn.com/kf/H47a12a32f1a64a789ad9c781403ebd3c4/Shoes-Women-2021-Winter-New-Fashion-Boots-Comfort-Warm-Fur-Female-Long-Botas-Pumps-Western-Knee.jpg_220x220.jpg,"https://ae04.alicdn.com/kf/H47a12a32f1a64a789ad9c781403ebd3c4.jpg,https://ae04.alicdn.com/kf/Hf2535fbec2ba49e8bdf1139e20ca3b45d.jpg,https://ae04.alicdn.com/kf/Hbb17d78a00f1466aa215b403917ef4d2G.jpg,https://ae04.alicdn.com/kf/H04ccc9e2d11f4ced8aa70bf4d5cc54bdq.jpg,https://ae04.alicdn.com/kf/H948dfa34f52d40c093344a6ffd014699M.jpg,",https://www.aliexpress.com/item/1005002032112833.html,66.55,34.61,30.00%,2098-12-31,48%,https://s.click.aliexpress.com/e/_AZ7pOi
Women's Shoes,200133142,Sexy Thin High Heel Ankle Boots Women Spring Autumn Pu Zipper Pointed Toe Booties 2021 New Cross-tied Short Boots Female Shoes,1005002072864542,https://ae01.alicdn.com/kf/Hb1d9febad0054dd6a6c8d1f7eee13d88E/Sexy-Thin-High-Heel-Ankle-Boots-Women-Spring-Autumn-Pu-Zipper-Pointed-Toe-Booties-2021-New.jpg_220x220.jpg,"https://ae04.alicdn.com/kf/Hb1d9febad0054dd6a6c8d1f7eee13d88E.jpg,https://ae04.alicdn.com/kf/Hd0a463b7cdbf4a19ad42059f7838c8fbN.jpg,",https://www.aliexpress.com/item/1005002072864542.html,77.99,32.76,30.00%,2098-12-31,58%,https://s.click.aliexpress.com/e/_9vc3BU
Women's Shoes,200133142,Women New Single Shoes 2021 Spring Fashion Genuine Leather Pointed Toe Shoes Ladies Retro Low Heel Shoes Big Size 43,1005002033845566,https://ae01.alicdn.com/kf/Hd0ea633af5eb4cf1b6dd12f46a3a69d03/Women-New-Single-Shoes-2021-Spring-Fashion-Genuine-Leather-Pointed-Toe-Shoes-Ladies-Retro-Low-Heel.jpg_220x220.jpg,"https://ae04.alicdn.com/kf/Hd0ea633af5eb4cf1b6dd12f46a3a69d03.jpg,https://ae04.alicdn.com/kf/Hcd77a48eb4734e3aaa0181b8272cc416T.jpg,https://ae04.alicdn.com/kf/H6bdd2d3f60ac435fa0932cab45bacae5C.jpg,https://ae04.alicdn.com/kf/H0b7dcb2038db4ebab11adf4ff92af1e9n.jpg,https://ae04.alicdn.com/kf/H08062894ad05411bbdbde5f780976b10X.jpg,",https://www.aliexpress.com/item/1005002033845566.html,59.67,31.03,30.00%,2098-12-31,48%,https://s.click.aliexpress.com/e/_98JaJg
Women's Shoes,200133142,Women Summer Ankle Boots Thin High Heel Gladiator Shoes Fashion Open Toe Lace-up Party Boots 2021 Ladies Big Size 43,1005002042595441,https://ae01.alicdn.com/kf/Hbcaf17e038614436a19b4b0e72c30efbC/Women-Summer-Ankle-Boots-Thin-High-Heel-Gladiator-Shoes-Fashion-Open-Toe-Lace-up-Party-Boots.jpg_220x220.jpg,"https://ae04.alicdn.com/kf/Hbcaf17e038614436a19b4b0e72c30efbC.jpg,https://ae04.alicdn.com/kf/Ha95cba6f81eb49878dd72cc0a0c175b2t.jpg,https://ae04.alicdn.com/kf/Hc6e172e5d7ee4547be79f03e29a0cfa62.jpg,https://ae04.alicdn.com/kf/H6b463415c52946819f7401a25417835f2.jpg,https://ae04.alicdn.com/kf/H0c70179bf20d46cc8087e3e1ded6e99ff.jpg,",https://www.aliexpress.com/item/1005002042595441.html,58.78,30.57,30.00%,2098-12-31,48%,https://s.click.aliexpress.com/e/_ADxtE6
Women's Shoes,200133142,Spring Autumn Martin Boots Women New Shoes 2021 British Thick Sole Chunky Heel Mid-calf Boots Ladies Fashion Zupper Boots,1005002068645387,https://ae01.alicdn.com/kf/H8f293cdf43b3429c913e4ea21a91eb83i/Spring-Autumn-Martin-Boots-Women-New-Shoes-2021-British-Thick-Sole-Chunky-Heel-Mid-calf-Boots.jpg_220x220.jpg,"https://ae04.alicdn.com/kf/H8f293cdf43b3429c913e4ea21a91eb83i.jpg,https://ae04.alicdn.com/kf/Hf0e01dc016674586a7ad8828eabd4995o.jpg,https://ae04.alicdn.com/kf/H94edee254911427e930a62d3a5dd77e0x.jpg,https://ae04.alicdn.com/kf/H9240a1ecbfbf40fea2e89e80f70dce82I.jpg,",https://www.aliexpress.com/item/1005002068645387.html,77.77,32.66,30.00%,2098-12-31,58%,https://s.click.aliexpress.com/e/_Ao8z9u
Women's Shoes,200133142,New 2021 Spring Shoes Women Casual Shallow Mouth Patent Leather Singel Shoes Fashion Slip-on Pointed Gold Mules Shoes,1005002068916353,https://ae01.alicdn.com/kf/H5541f6265e0a4ef5bef8c8691be39efaS/New-2021-Spring-Shoes-Women-Casual-Shallow-Mouth-Patent-Leather-Singel-Shoes-Fashion-Slip-on-Pointed.jpg_220x220.jpg,"https://ae04.alicdn.com/kf/H5541f6265e0a4ef5bef8c8691be39efaS.jpg,https://ae04.alicdn.com/kf/H641f547bede249cbad50289a961a86fcF.jpg,https://ae04.alicdn.com/kf/Hea65ef02e2e3496897763e638dfbbe2db.jpg,https://ae04.alicdn.com/kf/Ha4a0fece34ba4498bbdc0bc0972caa24B.jpg,https://ae04.alicdn.com/kf/Hd98b99c9a71d46bc9c2fc3e61480ead95.jpg,",https://www.aliexpress.com/item/1005002068916353.html,68.05,28.58,30.00%,2098-12-31,58%,https://s.click.aliexpress.com/e/_9RjJ6i
Women's Shoes,200133142,Women Sexy Thin Heels Shoes Summer Snakeskin Pattern Pumps Belt Buckle Hollow Out Sandals Female Pointed Toe Shoes 2021 Fashion,1005002032281226,https://ae01.alicdn.com/kf/H98eda2472bc142a696037b26cb0dce75F/Women-Sexy-Thin-Heels-Shoes-Summer-Snakeskin-Pattern-Pumps-Belt-Buckle-Hollow-Out-Sandals-Female-Pointed.jpg_220x220.jpg,"https://ae04.alicdn.com/kf/H98eda2472bc142a696037b26cb0dce75F.jpg,https://ae04.alicdn.com/kf/H8fc07ca6ab694f11a8485e271e8f1bd33.jpg,https://ae04.alicdn.com/kf/H48f2049b015f4bc298931ccda49dad33e.jpg,https://ae04.alicdn.com/kf/H5b9c6d90d5004b8e87e3c4563989e3acW.jpg,https://ae04.alicdn.com/kf/H3a1f53b4f30d4a8690789e8daa141bed2.jpg,",https://www.aliexpress.com/item/1005002032281226.html,58.43,30.38,30.00%,2098-12-31,48%,https://s.click.aliexpress.com/e/_AMunx8
Women's Shoes,200133142,Women Winter Leather Motorcycle Boots 2021 Fashion Black Pointy Chunky Heel Ankle Boots Female Steampunk Lace-up Short Shoes,1005001997868466,https://ae01.alicdn.com/kf/Hd9b26393e8674acaade5aac37580c752U/Women-Winter-Leather-Motorcycle-Boots-2021-Fashion-Black-Pointy-Chunky-Heel-Ankle-Boots-Female-Steampunk-Lace.jpg_220x220.jpg,"https://ae04.alicdn.com/kf/Hd9b26393e8674acaade5aac37580c752U.jpg,https://ae04.alicdn.com/kf/H4f71248adda744b2874ac7880a78a9ead.jpg,https://ae04.alicdn.com/kf/H3451d0ce28bd4af9bb91f92f2ba680f4V.jpg,https://ae04.alicdn.com/kf/Hfdb60474e2144e1db0763692649f1b327.jpg,https://ae04.alicdn.com/kf/H137b2ae5ffd240479608a229986ad0701.jpg,",https://www.aliexpress.com/item/1005001997868466.html,58.86,29.43,30.00%,2098-12-31,50%,https://s.click.aliexpress.com/e/_AqiWGi
Women's Shoes,200133142,Srping Autumn Fashion Flat Shoes Women 2021 New Ankle Boots Belt-buckle Vintage Booties Ladies Zipper Black Waterproof Shoes,1005002069599093,https://ae01.alicdn.com/kf/H86c516b141a64f729ddd5f38bccdf504U/Srping-Autumn-Fashion-Flat-Shoes-Women-2021-New-Ankle-Boots-Belt-buckle-Vintage-Booties-Ladies-Zipper.jpg_220x220.jpg,"https://ae04.alicdn.com/kf/H86c516b141a64f729ddd5f38bccdf504U.jpg,https://ae04.alicdn.com/kf/H0d15e31fe2a14828b632cf79f215fd58v.jpg,https://ae04.alicdn.com/kf/Hb4025d065d874ffe9439a2c8f41c3f48q.jpg,",https://www.aliexpress.com/item/1005002069599093.html,79.71,33.48,30.00%,2098-12-31,58%,https://s.click.aliexpress.com/e/_9JYkbu
Women's Shoes,200133142,Women Fashion Black Sandals Summer Sexy Mature Thin High Heel Sandals Ladies Light Suede Solid Open Toe Shoes Female Shoes,1005002063908879,https://ae01.alicdn.com/kf/Hedbdb0dc86b84b60bb46bde9d4feae14A/Women-Fashion-Black-Sandals-Summer-Sexy-Mature-Thin-High-Heel-Sandals-Ladies-Light-Suede-Solid-Open.jpg_220x220.jpg,"https://ae04.alicdn.com/kf/Hedbdb0dc86b84b60bb46bde9d4feae14A.jpg,https://ae04.alicdn.com/kf/H7bd2b3d8b02842eb944bd89b4132b7d8h.jpg,https://ae04.alicdn.com/kf/He1db42b25fdc47b6b35e617a1e13939f2.jpg,https://ae04.alicdn.com/kf/Hef26a829d7b04908a30d18f3a25041b3v.jpg,https://ae04.alicdn.com/kf/Hd1066fb96caa419499527cf6cf68ec4aj.jpg,",https://www.aliexpress.com/item/1005002063908879.html,63.82,26.80,30.00%,2098-12-31,58%,https://s.click.aliexpress.com/e/_ALOCua
Women's Shoes,200133142,Women Summer Shoes Fashion Hollow Belt Buckle Sandals Thick Low Heel Pink Sandals 2021 Ankle-wrap Breathable  Shoes,1005002069853482,https://ae01.alicdn.com/kf/H969fc748378f49348df84f9a57984e4aL/Women-Summer-Shoes-Fashion-Hollow-Belt-Buckle-Sandals-Thick-Low-Heel-Pink-Sandals-2021-Ankle-wrap.jpg_220x220.jpg,"https://ae04.alicdn.com/kf/H969fc748378f49348df84f9a57984e4aL.jpg,https://ae04.alicdn.com/kf/Hd205d449dac142b09e21a76349d2a885m.jpg,https://ae04.alicdn.com/kf/H8710d02947b24884b35c62cc7012744bj.jpg,https://ae04.alicdn.com/kf/H64f3dd8720d44af29a2a135bbe72e2aay.jpg,https://ae04.alicdn.com/kf/Hf383cd25e22644af9d0434c736b3152dm.jpg,",https://www.aliexpress.com/item/1005002069853482.html,59.33,24.92,30.00%,2098-12-31,58%,https://s.click.aliexpress.com/e/_AfguV8
Women's Shoes,200133142,Spring British Hollow Out Shallow Singel Shoes Women Thick Sole Sexy Pointed Toe Patent Leather Marry Janes 2021 New Shoes,1005002073312987,https://ae01.alicdn.com/kf/H4fcbd197c704494a9a4be5b80a3488eb4/Spring-British-Hollow-Out-Shallow-Singel-Shoes-Women-Thick-Sole-Sexy-Pointed-Toe-Patent-Leather-Marry.jpg_220x220.jpg,"https://ae04.alicdn.com/kf/H4fcbd197c704494a9a4be5b80a3488eb4.jpg,https://ae04.alicdn.com/kf/Hc5ce2896de0b4005a2afd974e8def759R.jpg,https://ae04.alicdn.com/kf/He8d91403c55b4121a1d897f26ab582c8s.jpg,https://ae04.alicdn.com/kf/H959eac2e71a1433bb8b8f06e24c67ff23.jpg,https://ae04.alicdn.com/kf/H6538b351639e49bf9ce47f783c4d54d6F.jpg,",https://www.aliexpress.com/item/1005002073312987.html,70.80,29.74,30.00%,2098-12-31,58%,https://s.click.aliexpress.com/e/_ABH4Y6
Women's Shoes,200133142,2021 New Autumn Winter Women Ankle Boots Fashion Leather Round Toe Warm Fur Women's Buckle Strap Shoes Thick High Heels Booties,1005001997510904,https://ae01.alicdn.com/kf/H28cf8556e27a4573955a94d670e4dfc8D/2021-New-Autumn-Winter-Women-Ankle-Boots-Fashion-Leather-Round-Toe-Warm-Fur-Women-s-Buckle.jpg_220x220.jpg,"https://ae04.alicdn.com/kf/H28cf8556e27a4573955a94d670e4dfc8D.jpg,https://ae04.alicdn.com/kf/H06d262ae814f464ea0edb38008c0e9e1T.jpg,https://ae04.alicdn.com/kf/H7de350d00cca4978ab5e6cb40ebc6abaL.jpg,https://ae04.alicdn.com/kf/H937a180996764abbb41c427d044ffbe8X.jpg,https://ae04.alicdn.com/kf/H3c57668d25294755ab4ad304615f9873n.jpg,",https://www.aliexpress.com/item/1005001997510904.html,60.63,30.32,30.00%,2098-12-31,50%,https://s.click.aliexpress.com/e/_A5sPhC
Women's Shoes,200133142,Summer Sandals Women New Genuine Leather Thong Sandals 2021 Casual Fashion T-strap Flat Beach Shoes Ladies Buckle Female,1005002072682812,https://ae01.alicdn.com/kf/Hecc5ede81e214e5fbd958d5dd4ee26b6H/Summer-Sandals-Women-New-Genuine-Leather-Thong-Sandals-2021-Casual-Fashion-T-strap-Flat-Beach-Shoes.jpg_220x220.jpg,"https://ae04.alicdn.com/kf/Hecc5ede81e214e5fbd958d5dd4ee26b6H.jpg,https://ae04.alicdn.com/kf/Hae355ac6ca4d4d9d9e0d464c399e0498h.jpg,https://ae04.alicdn.com/kf/Hc07445087f02410fa0d71afe96f18691Y.jpg,https://ae04.alicdn.com/kf/H3383dfd9ca83426893c4da23ee4df9beR.jpg,https://ae04.alicdn.com/kf/Hb4df3f43d50047659ca5edf19f9614f7v.jpg,",https://www.aliexpress.com/item/1005002072682812.html,51.81,21.76,30.00%,2098-12-31,58%,https://s.click.aliexpress.com/e/_971BzC
Women's Shoes,200133142,Women Summer Shoes Mesh Breathable Sandals Ladies Hollow Out Soft Thick Sole Shoes Girl Shiny Platform Shoes 2021 New,1005002053370026,https://ae01.alicdn.com/kf/Haa70a1d8d9b74c86806351d27caa3a6aM/Women-Summer-Shoes-Mesh-Breathable-Sandals-Ladies-Hollow-Out-Soft-Thick-Sole-Shoes-Girl-Shiny-Platform.jpg_220x220.jpg,"https://ae04.alicdn.com/kf/Haa70a1d8d9b74c86806351d27caa3a6aM.jpg,https://ae04.alicdn.com/kf/H5096eefff0a14b1e9026cd49205a20abC.jpg,https://ae04.alicdn.com/kf/H77bde5cb7b8344b68b829956740ea51bB.jpg,https://ae04.alicdn.com/kf/Hddde9c57a20b48bb9ac131f7e2c1ceecC.jpg,https://ae04.alicdn.com/kf/H8dae4a37ebf84ae2bab62f7818db3359p.jpg,",https://www.aliexpress.com/item/1005002053370026.html,103.68,,30.00%,2098-12-31,null%,https://s.click.aliexpress.com/e/_9fIQSO
Women's Shoes,200133142,2021New Luxury Black Woman Summer Boots Women Buckles Casual Shoes Women's Flat Short Boots Female Fashion Brand D Booties,1005002027350668,https://ae01.alicdn.com/kf/H4bdea9ca545240639a10f886330eea98v/2021New-Luxury-Black-Woman-Summer-Boots-Women-Buckles-Casual-Shoes-Women-s-Flat-Short-Boots-Female.jpg_220x220.jpg,"https://ae04.alicdn.com/kf/H4bdea9ca545240639a10f886330eea98v.jpg,https://ae04.alicdn.com/kf/Hbb36ab2eb1e942c6a427ad31062b25cdJ.jpg,https://ae04.alicdn.com/kf/H2bfa93b48a514cee8dcc1d285eb37e78q.jpg,https://ae04.alicdn.com/kf/H3e4d44239b11410fa6ae604863ead1ce2.jpg,",https://www.aliexpress.com/item/1005002027350668.html,121.90,,30.00%,2098-12-31,null%,https://s.click.aliexpress.com/e/_Akxqjs
Women's Shoes,200133142,Baotou Half Slippers Woman 2021 Fashion New Summer Popula Non Slip Women's Shoes Flats Soft  Bottom Cool Ladies Outdoor Slippers,1005002010685382,https://ae01.alicdn.com/kf/Hf3cdef98bef44752b243b2cf38595e69d/Baotou-Half-Slippers-Woman-2021-Fashion-New-Summer-Popula-Non-Slip-Women-s-Shoes-Flats-Soft.jpg_220x220.jpg,"https://ae04.alicdn.com/kf/Hf3cdef98bef44752b243b2cf38595e69d.jpg,https://ae04.alicdn.com/kf/H9c2d948445424ae78c12854cece6a37bp.jpg,https://ae04.alicdn.com/kf/H4702b539ff8a4b5f8ead6a3f5640beefr.jpg,https://ae04.alicdn.com/kf/H0749f77480eb4b25ac927048b592e0cbW.jpg,https://ae04.alicdn.com/kf/Hd05d5757af3340f58ba0baa55648300eh.jpg,",https://www.aliexpress.com/item/1005002010685382.html,54.18,,30.00%,2098-12-31,null%,https://s.click.aliexpress.com/e/_AKO1xG
Women's Shoes,200133142,2021 Summer Falt Shoes Women Casual Open Toe Solid Slipper Ladies Fashion Fringe Outside purple Slipper female new big size 43,1005002048823371,https://ae01.alicdn.com/kf/H8eb4682fb5a949ac80c8e9c476e22b5eI/2021-Summer-Falt-Shoes-Women-Casual-Open-Toe-Solid-Slipper-Ladies-Fashion-Fringe-Outside-purple-Slipper.jpg_220x220.jpg,"https://ae04.alicdn.com/kf/H8eb4682fb5a949ac80c8e9c476e22b5eI.jpg,https://ae04.alicdn.com/kf/He83471a75d1c4d8cacc9d3221978273fm.jpg,https://ae04.alicdn.com/kf/H060d1efa506541ad8f749629a4fe0bf1F.jpg,https://ae04.alicdn.com/kf/Hac6a313e974d4b52bae070fa4b2f36c8A.jpg,https://ae04.alicdn.com/kf/H55f377973b364a87920df4b3969aa9f6l.jpg,",https://www.aliexpress.com/item/1005002048823371.html,49.33,,30.00%,2098-12-31,null%,https://s.click.aliexpress.com/e/_APulWK
Women's Shoes,200133142,Women Casual Sport Shoes 2021 Spring New Black Thick Sole Increase High Shoes Fashion Genuine Leather Platform Sneakers,1005002033506086,https://ae01.alicdn.com/kf/H16a627d30148431fb5779331f8ef9a41f/Women-Casual-Sport-Shoes-2021-Spring-New-Black-Thick-Sole-Increase-High-Shoes-Fashion-Genuine-Leather.jpg_220x220.jpg,"https://ae04.alicdn.com/kf/H16a627d30148431fb5779331f8ef9a41f.jpg,https://ae04.alicdn.com/kf/H2ddb0f2120f44163a56bf43f47814bfdR.jpg,https://ae04.alicdn.com/kf/Hef925c0035e74d988ccdf901f194c28aa.jpg,https://ae04.alicdn.com/kf/H1ec1be71490241bab0642bef57bf75695.jpg,https://ae04.alicdn.com/kf/H050dfaeaa0984c42b3b9477c44be95dbB.jpg,",https://www.aliexpress.com/item/1005002033506086.html,93.32,,30.00%,2098-12-31,null%,https://s.click.aliexpress.com/e/_9HyXZs
Women's Shoes,200133142,Women Shoes 2021 New Autumn Summer Breathable Increased Non Slip Female Sneakers Fashion Leisure Ladies Soft Bottom Sports Shoes,1005002007894676,https://ae01.alicdn.com/kf/H808a8bb20bc143809a8ef1a804f84063A/Women-Shoes-2021-New-Autumn-Summer-Breathable-Increased-Non-Slip-Female-Sneakers-Fashion-Leisure-Ladies-Soft.jpg_220x220.jpg,"https://ae04.alicdn.com/kf/H808a8bb20bc143809a8ef1a804f84063A.jpg,https://ae04.alicdn.com/kf/H45580c0f1c0d4c77aa4d6371f770ecae7.jpg,https://ae04.alicdn.com/kf/H4486031a21f64b5b85cc72e24ad1b697m.jpg,https://ae04.alicdn.com/kf/H3b3fa447b77d4854b07debb9ecb379fbB.jpg,https://ae04.alicdn.com/kf/H7509a760afc44fdd96806e96263b1baec.jpg,",https://www.aliexpress.com/item/1005002007894676.html,82.74,,30.00%,2098-12-31,null%,https://s.click.aliexpress.com/e/_AtiUP0
Women's Shoes,200133142,Woman Summer Casual Flat Shoes 2021 New Sandals Slippers Women Square Heels Square Toe Slides Ladies Shoes Plus Size 40,1005002011421075,https://ae01.alicdn.com/kf/Hfd4a8f0adbb9409282ff368189affbe0B/Woman-Summer-Casual-Flat-Shoes-2021-New-Sandals-Slippers-Women-Square-Heels-Square-Toe-Slides-Ladies.jpg_220x220.jpg,"https://ae04.alicdn.com/kf/Hfd4a8f0adbb9409282ff368189affbe0B.jpg,https://ae04.alicdn.com/kf/Hbd8fbf6e028e45c3832d75967ed8d368s.jpg,https://ae04.alicdn.com/kf/H0a1cc22ac3df47698cf1e2ed0bd988ceH.jpg,https://ae04.alicdn.com/kf/H73f3280e02ce4f25a50e9f1ce6de38f1Q.jpg,https://ae04.alicdn.com/kf/H682df3bd4ecc4c44826b68e3d68424f5u.jpg,",https://www.aliexpress.com/item/1005002011421075.html,40.87,,30.00%,2098-12-31,null%,https://s.click.aliexpress.com/e/_9ycog2
Women's Shoes,200133142,Women's Summer Flip Flops 2021 New Flat Shoes Ladies Casual Silk Siold Slippers Women Fashion Outside Shoes,1005002042215927,https://ae01.alicdn.com/kf/Hda37adba66d240bbbb0ff01a9f1bfaae0/Women-s-Summer-Flip-Flops-2021-New-Flat-Shoes-Ladies-Casual-Silk-Siold-Slippers-Women-Fashion.jpg_220x220.jpg,"https://ae04.alicdn.com/kf/Hda37adba66d240bbbb0ff01a9f1bfaae0.jpg,https://ae04.alicdn.com/kf/H5edbf32974de410b93aecd29a2fd9227M.jpg,https://ae04.alicdn.com/kf/Hd4d97e1de49e4a6cbc93f779a6cf9350G.jpg,https://ae04.alicdn.com/kf/He996b2c614a64b2a91d48c8b31d124e4l.jpg,https://ae04.alicdn.com/kf/H1e80181c99a94fcbacda7dafe3a90c15h.jpg,",https://www.aliexpress.com/item/1005002042215927.html,41.11,,30.00%,2098-12-31,null%,https://s.click.aliexpress.com/e/_AtCXbk
Women's Shoes,200133142,Summer Sandals Women Fashion Zipper Low Heel Hollow Out Shoes 2021 New Rome Gladiator Ladies Rivet Shoes Big Size 34-43,1005002050154321,https://ae01.alicdn.com/kf/H705baa03776849e896246eeef13b3b12t/Summer-Sandals-Women-Fashion-Zipper-Low-Heel-Hollow-Out-Shoes-2021-New-Rome-Gladiator-Ladies-Rivet.jpg_220x220.jpg,"https://ae04.alicdn.com/kf/H705baa03776849e896246eeef13b3b12t.jpg,https://ae04.alicdn.com/kf/H2deb65d796e144539e85cea0726fc7b08.jpg,https://ae04.alicdn.com/kf/H57098e397b7b42b289e89fe74398107dV.jpg,https://ae04.alicdn.com/kf/H8706aba33bb64708a2212e039f972798e.jpg,https://ae04.alicdn.com/kf/Hff86e76046ad44d589a15a900f982949b.jpg,",https://www.aliexpress.com/item/1005002050154321.html,70.28,,30.00%,2098-12-31,null%,https://s.click.aliexpress.com/e/_9flbeE
Women's Shoes,200133142,Women Small White Falt Shoes Spring New Genuine Leather Soft Sole Singel Shoes Ladies Casual Lace-up Shallow Mouth Shoes 2021,1005002049338467,https://ae01.alicdn.com/kf/H48a87f57c92043169a371042e999da38r/Women-Small-White-Falt-Shoes-Spring-New-Genuine-Leather-Soft-Sole-Singel-Shoes-Ladies-Casual-Lace.jpg_220x220.jpg,"https://ae04.alicdn.com/kf/H48a87f57c92043169a371042e999da38r.jpg,https://ae04.alicdn.com/kf/H13844ff68f004a39806cfa2c5a40476ao.jpg,https://ae04.alicdn.com/kf/H0674f88748f442028f7c3a5bc183560dI.jpg,https://ae04.alicdn.com/kf/Hf56fc380a7a349e798fd6cb69cdf38bcP.jpg,https://ae04.alicdn.com/kf/Hbe1856fc28c04cfb88f0654be2b1597b5.jpg,",https://www.aliexpress.com/item/1005002049338467.html,76.23,,30.00%,2098-12-31,null%,https://s.click.aliexpress.com/e/_Akptrc
Women's Shoes,200133142,2021 Summer New Rivet Baotou Women's Sandals Fashion Wear Anti Slip Half Trawl Red Simple Low Heel Women's Shoes,1005002011630208,https://ae01.alicdn.com/kf/H0603f822ed73421eb81afded7bba04cdj/2021-Summer-New-Rivet-Baotou-Women-s-Sandals-Fashion-Wear-Anti-Slip-Half-Trawl-Red-Simple.jpg_220x220.jpg,"https://ae04.alicdn.com/kf/H0603f822ed73421eb81afded7bba04cdj.jpg,https://ae04.alicdn.com/kf/Hf41cf261245844bf83a6dc681460cc25p.jpg,https://ae04.alicdn.com/kf/H98ed75f6291a47a19a0568e9452e6fb53.jpg,https://ae04.alicdn.com/kf/H8f9888269ad74c43a624ebefb497493cP.jpg,https://ae04.alicdn.com/kf/Hd20f8778787e4d35911582ed4b1c9b72h.jpg,",https://www.aliexpress.com/item/1005002011630208.html,34.20,,30.00%,2098-12-31,null%,https://s.click.aliexpress.com/e/_AABqlk
Women's Shoes,200133142,2021 New Spring And Autumn Lace Up Thick Bottomed Muffin  Casual Shoes Inner Height Women's Shoes Fashion Versatile,1005002010777894,https://ae01.alicdn.com/kf/H830ceb61d2794aa6ba4e0de6fbae72dfP/2021-New-Spring-And-Autumn-Lace-Up-Thick-Bottomed-Muffin-Casual-Shoes-Inner-Height-Women-s.jpg_220x220.jpg,"https://ae04.alicdn.com/kf/H830ceb61d2794aa6ba4e0de6fbae72dfP.jpg,https://ae04.alicdn.com/kf/H95851955ba684f869f2e3fca3be4ee76C.jpg,https://ae04.alicdn.com/kf/Hfe1b14da90784454be26b790f652f128W.jpg,https://ae04.alicdn.com/kf/H0493767f5ada46f3962209a74e1493bbT.jpg,https://ae04.alicdn.com/kf/Ha3e2877ee7d94d589cf8f8baa880061bd.jpg,",https://www.aliexpress.com/item/1005002010777894.html,80.67,,30.00%,2098-12-31,null%,https://s.click.aliexpress.com/e/_AeFgoE
Women's Shoes,200133142,2021 Summer Shoes Women Fashion Wedges Buckle Cover Heel Sandals Ladies Casual Light Platform Sandals Female Plus Size 43,1005002054288409,https://ae01.alicdn.com/kf/Hdafa97f108784bb69bf719dfc9e097cdP/2021-Summer-Shoes-Women-Fashion-Wedges-Buckle-Cover-Heel-Sandals-Ladies-Casual-Light-Platform-Sandals-Female.jpg_220x220.jpg,"https://ae04.alicdn.com/kf/Hdafa97f108784bb69bf719dfc9e097cdP.jpg,https://ae04.alicdn.com/kf/H40cb09dc30e349f8b7ae90bb7dc34d2c8.jpg,https://ae04.alicdn.com/kf/Hdf3bde8eb47245a799e91824435acf92z.jpg,https://ae04.alicdn.com/kf/H4b5648f25b574976b4626f8824b24d70r.jpg,https://ae04.alicdn.com/kf/Hc7a4ff364cc1419986a4e35ec16e515ec.jpg,",https://www.aliexpress.com/item/1005002054288409.html,65.54,,30.00%,2098-12-31,null%,https://s.click.aliexpress.com/e/_9xs33y
Women's Shoes,200133142,Ladies Sandals 2021 Summer Crystal High Heels Banquet Temperament Sandals Fashion Diamond Women's Shoes Buckle Open Toe Shoes,1005002007980686,https://ae01.alicdn.com/kf/H0257814997874199a12b4d83060617cdR/Ladies-Sandals-2021-Summer-Crystal-High-Heels-Banquet-Temperament-Sandals-Fashion-Diamond-Women-s-Shoes-Buckle.jpg_220x220.jpg,"https://ae04.alicdn.com/kf/H0257814997874199a12b4d83060617cdR.jpg,https://ae04.alicdn.com/kf/H6c96d098cb10488a9ac83ccaa7298959N.jpg,https://ae04.alicdn.com/kf/H84b51847557242609f07375939de0dd16.jpg,https://ae04.alicdn.com/kf/Hdbaaac4c97274d52a7be6f7c381b78e4o.jpg,https://ae04.alicdn.com/kf/Hb90c86b697c240cbbec1b72fabf655ddk.jpg,",https://www.aliexpress.com/item/1005002007980686.html,60.38,,30.00%,2098-12-31,null%,https://s.click.aliexpress.com/e/_AsMZUI
Women's Shoes,200133142,White Sexy Knee-high Boots WomenThin High Heels Shoes Ladies Waterproof Long Boots 2021 Autumn New Shoes Female Plus Size 43,1005002058428237,https://ae01.alicdn.com/kf/Hf057e35534ea4e238a8d2b3a51db3f78f/White-Sexy-Knee-high-Boots-WomenThin-High-Heels-Shoes-Ladies-Waterproof-Long-Boots-2021-Autumn-New.jpg_220x220.jpg,"https://ae04.alicdn.com/kf/Hf057e35534ea4e238a8d2b3a51db3f78f.jpg,https://ae04.alicdn.com/kf/H2bd62c6b7a004205924c0a44a4923263B.jpg,https://ae04.alicdn.com/kf/H47255dd783824a1fbb375c741bf22872P.jpg,https://ae04.alicdn.com/kf/Hc2720de196a641a49efe98471273b7b3K.jpg,",https://www.aliexpress.com/item/1005002058428237.html,75.26,,30.00%,2098-12-31,null%,https://s.click.aliexpress.com/e/_9H26lc
Women's Shoes,200133142,Autumn Winter Sport Shoes 2021 Women Tennis Lace-up Vulcanized Suede Thick Sole Ladies Dance Shoes Female New Fashon,1005002049628683,https://ae01.alicdn.com/kf/H563becb8aa254957964d71893cf9a75aL/Autumn-Winter-Sport-Shoes-2021-Women-Tennis-Lace-up-Vulcanized-Suede-Thick-Sole-Ladies-Dance-Shoes.jpg_220x220.jpg,"https://ae04.alicdn.com/kf/H563becb8aa254957964d71893cf9a75aL.jpg,https://ae04.alicdn.com/kf/H0dcbff321f3b45cc8f0f74de37daef2fN.jpg,https://ae04.alicdn.com/kf/Hde710fa92c6748d099656dc8e448efe4s.jpg,https://ae04.alicdn.com/kf/Hb9f1a018a4cb4c6fbfcfe2f50d61929bi.jpg,https://ae04.alicdn.com/kf/H26ce5c9aa5494ccab961b4fd0f0cdce01.jpg,",https://www.aliexpress.com/item/1005002049628683.html,69.20,,30.00%,2098-12-31,null%,https://s.click.aliexpress.com/e/_A7t0ru
Women's Shoes,200133142,2021 Winter Sexy High Heel Boots Women Thick Sole Ankle Boots Female Round Toe Buckles Shoes Woman Black Platform Short Booties,1005002058005274,https://ae01.alicdn.com/kf/H98ec730d82434de488909fc7da84a1c1C/2021-Winter-Sexy-High-Heel-Boots-Women-Thick-Sole-Ankle-Boots-Female-Round-Toe-Buckles-Shoes.jpg_220x220.jpg,"https://ae04.alicdn.com/kf/H98ec730d82434de488909fc7da84a1c1C.jpg,https://ae04.alicdn.com/kf/H196f3c8d35064f39a62b74b59e3e5bf0o.jpg,https://ae04.alicdn.com/kf/Hacfa5cf60fcb46a88ea158eacf2250114.jpg,https://ae04.alicdn.com/kf/He4b334e2e9af4bd1898df6417e882a47y.jpg,https://ae04.alicdn.com/kf/Hff12443aeb634a5bbea48c6fe347444br.jpg,",https://www.aliexpress.com/item/1005002058005274.html,79.99,,30.00%,2098-12-31,null%,https://s.click.aliexpress.com/e/_AEn0Qe
Women's Shoes,200133142,Women Summer Shoes Open Toe Cross-strap Low Heel Sandals 2021 New Black Cow Leather Sandals Ladies Fashion Shoes,1005002038214127,https://ae01.alicdn.com/kf/He695c66d8ba542009a0974dde78260e81/Women-Summer-Shoes-Open-Toe-Cross-strap-Low-Heel-Sandals-2021-New-Black-Cow-Leather-Sandals.jpg_220x220.jpg,"https://ae04.alicdn.com/kf/He695c66d8ba542009a0974dde78260e81.jpg,https://ae04.alicdn.com/kf/H7d6a18b2e9bc4839a991bb5857450f72O.jpg,https://ae04.alicdn.com/kf/Ha24768dd892e4d5a8321c0a59a0a730bH.jpg,https://ae04.alicdn.com/kf/Hdb2d787aa6ee46b292cd9fb48acc15fce.jpg,https://ae04.alicdn.com/kf/H962883b9caa245cebeb8401132db31fbL.jpg,",https://www.aliexpress.com/item/1005002038214127.html,60.54,,30.00%,2098-12-31,null%,https://s.click.aliexpress.com/e/_AV3JoQ
Women's Shoes,200133142,Women Sexy Thin Heels Shoes Summer Snakeskin Pattern Pumps Belt Buckle Hollow Out Sandals Female Pointed Toe Shoes 2021 Fashion,1005002032159627,https://ae01.alicdn.com/kf/Hd00abc93acfc49d0961dde438324ca51z/Women-Sexy-Thin-Heels-Shoes-Summer-Snakeskin-Pattern-Pumps-Belt-Buckle-Hollow-Out-Sandals-Female-Pointed.jpg_220x220.jpg,"https://ae04.alicdn.com/kf/Hd00abc93acfc49d0961dde438324ca51z.jpg,https://ae04.alicdn.com/kf/H62c95ef42988482d963eb4922fae18cbN.jpg,https://ae04.alicdn.com/kf/H10fc567a65924e53943de348447effc21.jpg,https://ae04.alicdn.com/kf/H3513720ea9d64366afd4917e92c86b4cN.jpg,https://ae04.alicdn.com/kf/Ha5e84d386c8f44cdb51eb94ec1857b1d2.jpg,",https://www.aliexpress.com/item/1005002032159627.html,58.43,,30.00%,2098-12-31,null%,https://s.click.aliexpress.com/e/_A0UFcA
Women's Shoes,200133142,Women Running Sneakers Women Casual Lace Up Flat Vulcanized Shoes Ladies Walking Shoes Female Air Cushion Breathable Sport Shoes,1005002010784436,https://ae01.alicdn.com/kf/H77024dea903345c4bd454e8e95e412ddw/Women-Running-Sneakers-Women-Casual-Lace-Up-Flat-Vulcanized-Shoes-Ladies-Walking-Shoes-Female-Air-Cushion.jpg_220x220.jpg,"https://ae04.alicdn.com/kf/H77024dea903345c4bd454e8e95e412ddw.jpg,https://ae04.alicdn.com/kf/H263784938ab0465396c855cec8949ba8n.jpg,https://ae04.alicdn.com/kf/H28bc675a1c9d4cac87a580b1cc5be783K.jpg,https://ae04.alicdn.com/kf/H91e509698f0d4944830ecc4eaa0a0791W.jpg,https://ae04.alicdn.com/kf/Hdd45548a5af0415992e707f7557a05f6E.jpg,",https://www.aliexpress.com/item/1005002010784436.html,65.26,,30.00%,2098-12-31,null%,https://s.click.aliexpress.com/e/_9IYVB8
Women's Shoes,200133142,Spring Fashion Thick Sole Sneakers Women Casual Mixed-color Mesh Ventilation Sport Shoes 2021 New Platform Shoes,1005002032898746,https://ae01.alicdn.com/kf/Hb0d0f68add8441459efe40f402fe6144f/Spring-Fashion-Thick-Sole-Sneakers-Women-Casual-Mixed-color-Mesh-Ventilation-Sport-Shoes-2021-New-Platform.jpg_220x220.jpg,"https://ae04.alicdn.com/kf/Hb0d0f68add8441459efe40f402fe6144f.jpg,https://ae04.alicdn.com/kf/H13d24e6f72464a00a2304e8f346ba519r.jpg,https://ae04.alicdn.com/kf/Hcd202aef785b4f899177d98df32a32b4u.jpg,https://ae04.alicdn.com/kf/H78684814747143d3bce40e7eb8b205b2O.jpg,https://ae04.alicdn.com/kf/H352e32f667504a2a8e15092c1c42f2bal.jpg,",https://www.aliexpress.com/item/1005002032898746.html,57.22,,30.00%,2098-12-31,null%,https://s.click.aliexpress.com/e/_A38xsW
Women's Shoes,200133142,Spring Running Shoes Women Casual Mesh Breathable Sneakers Ladies Black Light Shallow Sports Shoes 2021 Female Vulcanized Shoes,1005002073914793,https://ae01.alicdn.com/kf/H5a7f4807427d42c38d30e41e19218f5c2/Spring-Running-Shoes-Women-Casual-Mesh-Breathable-Sneakers-Ladies-Black-Light-Shallow-Sports-Shoes-2021-Female.jpg_220x220.jpg,"https://ae04.alicdn.com/kf/H5a7f4807427d42c38d30e41e19218f5c2.jpg,https://ae04.alicdn.com/kf/H92dd1e0df8cc416ba6d4960cc167235c1.jpg,https://ae04.alicdn.com/kf/H56f67849897648aab5ed55d20e4339a5b.jpg,https://ae04.alicdn.com/kf/He9462f286694402ca6ffc6e1dbc6f44eh.jpg,https://ae04.alicdn.com/kf/H23c6cd97b2764111b508a02d5ec4062ab.jpg,",https://www.aliexpress.com/item/1005002073914793.html,59.83,,30.00%,2098-12-31,null%,https://s.click.aliexpress.com/e/_AFVLuA
Women's Shoes,200133142,2021 New Flat Shoes Women Summer Casual Retro Leopard Grain Sandals Low Heel  Back Strap Buckle Shoes Ladies Fashion Shoes,1005002038347649,https://ae01.alicdn.com/kf/Ha9421b04ce83440c95b0815cfbb32639x/2021-New-Flat-Shoes-Women-Summer-Casual-Retro-Leopard-Grain-Sandals-Low-Heel-Back-Strap-Buckle.jpg_220x220.jpg,"https://ae04.alicdn.com/kf/Ha9421b04ce83440c95b0815cfbb32639x.jpg,https://ae04.alicdn.com/kf/Hf9f76776c59149caa08e889e2b124564d.jpg,https://ae04.alicdn.com/kf/H1d3c72277fbc4865ae82f17b0c336d1dG.jpg,https://ae04.alicdn.com/kf/H1b7670b416af4eca9f5169e32cfa3357h.jpg,https://ae04.alicdn.com/kf/H1697d358493944afa0472f08bdaa25130.jpg,",https://www.aliexpress.com/item/1005002038347649.html,57.49,,30.00%,2098-12-31,null%,https://s.click.aliexpress.com/e/_A9LsAI
Women's Shoes,200133142,Woman's Sandals 2021 New Summer Ladies Fish Mouth Thick Heels Shoes Sexy High Heel Rome Shoes Female Fashion T-strap Shoes,1005002050166790,https://ae01.alicdn.com/kf/H3f5864b40b044a9b82f06e3d00aca3e30/Woman-s-Sandals-2021-New-Summer-Ladies-Fish-Mouth-Thick-Heels-Shoes-Sexy-High-Heel-Rome.jpg_220x220.jpg,"https://ae04.alicdn.com/kf/H3f5864b40b044a9b82f06e3d00aca3e30.jpg,https://ae04.alicdn.com/kf/H2e023004ba4542a6be024ce1a4ae2825N.jpg,https://ae04.alicdn.com/kf/Hd1795904c8e54dffb9bec7e15df76fc9T.jpg,https://ae04.alicdn.com/kf/He9cdc5535a484e1184c04b083a43e264X.jpg,https://ae04.alicdn.com/kf/He2cefd26d5a744c4aec33e77b6da0979r.jpg,",https://www.aliexpress.com/item/1005002050166790.html,57.68,,30.00%,2098-12-31,null%,https://s.click.aliexpress.com/e/_AdPihG
Women's Shoes,200133142,New Knight Boots Winter Snow Boots Low Heel Square Heel Lace Up Short Tube Martin Boots Women's Large Boots,1005002032267393,https://ae01.alicdn.com/kf/H05204130d0b6438ab72e92541742ef33T/New-Knight-Boots-Winter-Snow-Boots-Low-Heel-Square-Heel-Lace-Up-Short-Tube-Martin-Boots.jpg_220x220.jpg,"https://ae04.alicdn.com/kf/H05204130d0b6438ab72e92541742ef33T.jpg,https://ae04.alicdn.com/kf/H8103be9f311f4816b865c9145b8a0b2cn.jpg,https://ae04.alicdn.com/kf/H8a4f339362fe4afb89438bed28c35422p.jpg,https://ae04.alicdn.com/kf/H11fbeb9293b54c59aa5ee667aa8a568bY.jpg,https://ae04.alicdn.com/kf/H911d5767092e46e589983e3ab0998786i.jpg,",https://www.aliexpress.com/item/1005002032267393.html,70.19,,30.00%,2098-12-31,null%,https://s.click.aliexpress.com/e/_A3azw2
Women's Shoes,200133142,New 2021 Summer Flat Shoes Women Casual Back Strap Beach Sandals Simple Genuine Leather Buckle Open Toe Shoes,1005002048899991,https://ae01.alicdn.com/kf/H034aafbb43f8416fbaab5b54d4e16819X/New-2021-Summer-Flat-Shoes-Women-Casual-Back-Strap-Beach-Sandals-Simple-Genuine-Leather-Buckle-Open.jpg_220x220.jpg,"https://ae04.alicdn.com/kf/H034aafbb43f8416fbaab5b54d4e16819X.jpg,https://ae04.alicdn.com/kf/Haac572629df34982a7ca97850ace9c9eH.jpg,https://ae04.alicdn.com/kf/H710bfdbcaebf4fe58b7bc2959021178dz.jpg,https://ae04.alicdn.com/kf/Hbc362782f7874750bcd2a83bd22605cfu.jpg,https://ae04.alicdn.com/kf/He52297bb3e844a0d909ec0eeb623c6ect.jpg,",https://www.aliexpress.com/item/1005002048899991.html,54.15,,30.00%,2098-12-31,null%,https://s.click.aliexpress.com/e/_AX5fXy
Women's Shoes,200133142,Women Sexy Zipper Knee High Boots Winter Thick Sole Chunky Heel Long Boots Ladies Pu Leather Belt Buckle Fashion Shoes 2021 New,1005002037629147,https://ae01.alicdn.com/kf/H71883c32a156499d865d24d9c84b68c7X/Women-Sexy-Zipper-Knee-High-Boots-Winter-Thick-Sole-Chunky-Heel-Long-Boots-Ladies-Pu-Leather.jpg_220x220.jpg,"https://ae04.alicdn.com/kf/H71883c32a156499d865d24d9c84b68c7X.jpg,https://ae04.alicdn.com/kf/H5761cb61f4764dda9850750b9e248adbm.jpg,https://ae04.alicdn.com/kf/H27cf2264ca1440dc84e4e98c7afeb64e6.jpg,https://ae04.alicdn.com/kf/H034a3c68c0e5488984a4fc5e4d8ff645t.jpg,https://ae04.alicdn.com/kf/H631943be72b04982a10ba52aade90f1f2.jpg,",https://www.aliexpress.com/item/1005002037629147.html,70.14,,30.00%,2098-12-31,null%,https://s.click.aliexpress.com/e/_9zKF6w
Women's Shoes,200133142,Women High Heel Ankle Boots 2021 Winter Thick Sole Platforms Booties Ladies Fashion PU Leather Zip Motorcycle Boots Shoes,1005002042238066,https://ae01.alicdn.com/kf/Ha4879d4bed054d7eb720e76a2d3791deE/Women-High-Heel-Ankle-Boots-2021-Winter-Thick-Sole-Platforms-Booties-Ladies-Fashion-PU-Leather-Zip.jpg_220x220.jpg,"https://ae04.alicdn.com/kf/Ha4879d4bed054d7eb720e76a2d3791deE.jpg,https://ae04.alicdn.com/kf/H84630fc41f104d269fdcc2a151cead00o.jpg,https://ae04.alicdn.com/kf/Hb773299140b64cd893a0f9c38466b428d.jpg,https://ae04.alicdn.com/kf/H14657a07abd44b8388bb68584df2aa97o.jpg,https://ae04.alicdn.com/kf/H82136346dab74b47bffe1f4abc1730385.jpg,",https://www.aliexpress.com/item/1005002042238066.html,66.67,,30.00%,2098-12-31,null%,https://s.click.aliexpress.com/e/_A2raNy
Women's Shoes,200133142,Women Western Cowboy Boots 2021 New Autumn Knee-high White Boots Ladies Zipper Thick Heel Boots Femalefashion Shoes,1005002017336940,https://ae01.alicdn.com/kf/H4d6725740dc34dec82353a81928c4263e/Women-Western-Cowboy-Boots-2021-New-Autumn-Knee-high-White-Boots-Ladies-Zipper-Thick-Heel-Boots.jpg_220x220.jpg,"https://ae04.alicdn.com/kf/H4d6725740dc34dec82353a81928c4263e.jpg,https://ae04.alicdn.com/kf/H7132cf8807ec432a9dff3cb43b0b558bO.jpg,https://ae04.alicdn.com/kf/H39c53e264e304cc2a5474dc25fa16bb3R.jpg,https://ae04.alicdn.com/kf/Ha8d65a59e697478dbb4228a56618f08d3.jpg,https://ae04.alicdn.com/kf/Hf07bf161703f41aaaea763101120e0073.jpg,",https://www.aliexpress.com/item/1005002017336940.html,62.44,,30.00%,2098-12-31,null%,https://s.click.aliexpress.com/e/_AWZiFY
Women's Shoes,200133142,Women Spring Running Shoes 2021 New Mesh Soft Sole Vulcanized Shoes Ladies Fashon Casual Shallow Mouth Flat Sneakers,1005002049443930,https://ae01.alicdn.com/kf/H8a19f8b2825549b292e9953cf2ac9a4fL/Women-Spring-Running-Shoes-2021-New-Mesh-Soft-Sole-Vulcanized-Shoes-Ladies-Fashon-Casual-Shallow-Mouth.jpg_220x220.jpg,"https://ae04.alicdn.com/kf/H8a19f8b2825549b292e9953cf2ac9a4fL.jpg,https://ae04.alicdn.com/kf/H9dcd15a941954a138d1c9bf66e05a9d0k.jpg,https://ae04.alicdn.com/kf/Hc44d95c998074cc29164645daafe6cb18.jpg,https://ae04.alicdn.com/kf/Hcc4da2e116c84b6fb6c274551b54cb04W.jpg,https://ae04.alicdn.com/kf/Hb172e968a03e4732a81db102a9962922T.jpg,",https://www.aliexpress.com/item/1005002049443930.html,54.81,,30.00%,2098-12-31,null%,https://s.click.aliexpress.com/e/_9yAmmW
Women's Shoes,200133142,Summer 2021 New Simple Slides Women Fashion Pu Leather Flat Open Toe Slipper Ladies White Outside Shoes Female,1005002063624477,https://ae01.alicdn.com/kf/Ha87d490548c44d798e805b707253ffceU/Summer-2021-New-Simple-Slides-Women-Fashion-Pu-Leather-Flat-Open-Toe-Slipper-Ladies-White-Outside.jpg_220x220.jpg,"https://ae04.alicdn.com/kf/Ha87d490548c44d798e805b707253ffceU.jpg,https://ae04.alicdn.com/kf/H41f01c19032c4ce5bf0740bd5e49de44Q.jpg,https://ae04.alicdn.com/kf/Hd7de1a4ed4f14cf58c64f6543bbdbf4eG.jpg,https://ae04.alicdn.com/kf/H97e1ca0d35b64a5bb52fb1c25a48b0bbF.jpg,",https://www.aliexpress.com/item/1005002063624477.html,56.93,23.91,30.00%,2098-12-31,58%,https://s.click.aliexpress.com/e/_99FE9k
Women's Shoes,200133142,Women Spring Sneakers Casual Lace Up Flat Vulcanized Shoes Ladies Running Shoes Female Air Cushion Breathable Sport Shoes,1005002011715153,https://ae01.alicdn.com/kf/H99f3074a36fe43638e91bd95d95dda9fC/Women-Spring-Sneakers-Casual-Lace-Up-Flat-Vulcanized-Shoes-Ladies-Running-Shoes-Female-Air-Cushion-Breathable.jpg_220x220.jpg,"https://ae04.alicdn.com/kf/H99f3074a36fe43638e91bd95d95dda9fC.jpg,https://ae04.alicdn.com/kf/Hc9dbdec9c3df44f0b3a6cd37b56fc7fbV.jpg,https://ae04.alicdn.com/kf/H166bff32dd8b4cd293f0bdf5391c7e1fn.jpg,https://ae04.alicdn.com/kf/Hec86bd97da1d42a3bbe95de8bd2b320bO.jpg,https://ae04.alicdn.com/kf/H8429881a57454027b6feb6db3e613642j.jpg,",https://www.aliexpress.com/item/1005002011715153.html,53.50,,30.00%,2098-12-31,null%,https://s.click.aliexpress.com/e/_AoRBT4
Women's Shoes,200133142,Women Sock Boots Winter Thick Sole Lace Up Mid Calf Boots Female High Platform Shoes Fashion Beige Stockings Boots 2021 Fashion,1005002058385967,https://ae01.alicdn.com/kf/H9569673f3a7d45c3a66675c2ffd8e9e83/Women-Sock-Boots-Winter-Thick-Sole-Lace-Up-Mid-Calf-Boots-Female-High-Platform-Shoes-Fashion.jpg_220x220.jpg,"https://ae04.alicdn.com/kf/H9569673f3a7d45c3a66675c2ffd8e9e83.jpg,https://ae04.alicdn.com/kf/H47cac295619a4f2a91f0c18509c409993.jpg,https://ae04.alicdn.com/kf/Ha42bf717041f4e1e9c956133f3f9e056t.jpg,https://ae04.alicdn.com/kf/Hfdfd33402d0c4acbb2438e3b3e4f7ecfZ.jpg,https://ae04.alicdn.com/kf/H26824c5cbaaa4bfc860bf99b9cf537516.jpg,",https://www.aliexpress.com/item/1005002058385967.html,73.21,,30.00%,2098-12-31,null%,https://s.click.aliexpress.com/e/_A8dNGm
Women's Shoes,200133142,Women Mary Jane Pumps 2021 Spring Girl Sweet Thick High Heel Lolita Shoes Fashion Patent Leather Buckles Singel Shoes,1005002049862958,https://ae01.alicdn.com/kf/H5000082597e4495998fcbbcb535d3a3eK/Women-Mary-Jane-Pumps-2021-Spring-Girl-Sweet-Thick-High-Heel-Lolita-Shoes-Fashion-Patent-Leather.jpg_220x220.jpg,"https://ae04.alicdn.com/kf/H5000082597e4495998fcbbcb535d3a3eK.jpg,https://ae04.alicdn.com/kf/Hbebd8a43b1a64302b4d9f153db4eb97dd.jpg,https://ae04.alicdn.com/kf/H527186d5fe384edc94acbd962dd196d5I.jpg,https://ae04.alicdn.com/kf/He53f6321543e4fd297f8536081fc7044I.jpg,https://ae04.alicdn.com/kf/H712093c4f8e74dd5ab91cc948467749aR.jpg,",https://www.aliexpress.com/item/1005002049862958.html,61.83,,30.00%,2098-12-31,null%,https://s.click.aliexpress.com/e/_AcDJJk
Women's Shoes,200133142,Women Platform Heels Shoes Sexy Super Thin High Heels Pumps Ladies Patent Leather Waterproof Black Shoes Plus Size 42,1005002011064122,https://ae01.alicdn.com/kf/Hffb66bdfd20b40aab8ddce412df1b5c2H/Women-Platform-Heels-Shoes-Sexy-Super-Thin-High-Heels-Pumps-Ladies-Patent-Leather-Waterproof-Black-Shoes.jpg_220x220.jpg,"https://ae04.alicdn.com/kf/Hffb66bdfd20b40aab8ddce412df1b5c2H.jpg,https://ae04.alicdn.com/kf/H23061627be5146c6bf987e785a84d71dF.jpg,https://ae04.alicdn.com/kf/H807d5568a73c4af48a692fb11b699873j.jpg,https://ae04.alicdn.com/kf/Hf38f972446df4b219ab242012ad32c9ec.jpg,https://ae04.alicdn.com/kf/Hf5bdba67e85c442ea947650fbda04264R.jpg,",https://www.aliexpress.com/item/1005002011064122.html,61.30,,30.00%,2098-12-31,null%,https://s.click.aliexpress.com/e/_APmoEe
Women's Shoes,200133142,Women Sexy Stilettos Super High Heel Shoes Ladies Pumps Patent Leather Pointed Rivet Hollow Out Shoes 2021 Fashion,1005002010936740,https://ae01.alicdn.com/kf/Hea4cf541501d45f6a3c44e8001d96afe6/Women-Sexy-Stilettos-Super-High-Heel-Shoes-Ladies-Pumps-Patent-Leather-Pointed-Rivet-Hollow-Out-Shoes.jpg_220x220.jpg,"https://ae04.alicdn.com/kf/Hea4cf541501d45f6a3c44e8001d96afe6.jpg,https://ae04.alicdn.com/kf/H08f379413e9b47a9b9b1d99057744423s.jpg,https://ae04.alicdn.com/kf/H03c4b753024042cc8032900245fd74aar.jpg,https://ae04.alicdn.com/kf/Hc64a857c62bb4ba680f11484f4144440t.jpg,https://ae04.alicdn.com/kf/Heebaed3ce5624fd0b98cba4306dd019eO.jpg,",https://www.aliexpress.com/item/1005002010936740.html,52.69,,30.00%,2098-12-31,null%,https://s.click.aliexpress.com/e/_9A1dXG
Women's Shoes,200133142,Women Spring Singel Shoes 2021 New Small Hole Breathable Low Heel Shoes Ladies Fashion Genuine Leather Casual Shoes,1005002033985770,https://ae01.alicdn.com/kf/H080af3cffefc46d59d5dee5c8edf1885a/Women-Spring-Singel-Shoes-2021-New-Small-Hole-Breathable-Low-Heel-Shoes-Ladies-Fashion-Genuine-Leather.jpg_220x220.jpg,"https://ae04.alicdn.com/kf/H080af3cffefc46d59d5dee5c8edf1885a.jpg,https://ae04.alicdn.com/kf/H891d406d6db941828698894157c445c8E.jpg,https://ae04.alicdn.com/kf/Ha2d3c689feff4da98c2cfb8af560df2e5.jpg,https://ae04.alicdn.com/kf/Hff3f6d345d9d456a91211c4b8e97965bK.jpg,https://ae04.alicdn.com/kf/H750f954a0efa4c9080a5a361f53e27b5d.jpg,",https://www.aliexpress.com/item/1005002033985770.html,57.60,,30.00%,2098-12-31,null%,https://s.click.aliexpress.com/e/_99HCF0
Women's Shoes,200133142,Women Chelsea Boots 2021 Spring Autumn Flat Zipper Ankle Boots Ladies Thick Sole Platform Booties Female New Fashion,1005002017596645,https://ae01.alicdn.com/kf/Hae9200d82c354c28822b80570fefca7eG/Women-Chelsea-Boots-2021-Spring-Autumn-Flat-Zipper-Ankle-Boots-Ladies-Thick-Sole-Platform-Booties-Female.jpg_220x220.jpg,"https://ae04.alicdn.com/kf/Hae9200d82c354c28822b80570fefca7eG.jpg,https://ae04.alicdn.com/kf/Hcc47f3bb32c241439ad758c83864985f2.jpg,https://ae04.alicdn.com/kf/Ha3ab4e8a6b5d4fbd89e9ee19e19dddbaL.jpg,https://ae04.alicdn.com/kf/H6fef276ec3f14e4fbf3b599e863d9aceV.jpg,https://ae04.alicdn.com/kf/Hee52ab3770be4be694934e023637fb51u.jpg,",https://www.aliexpress.com/item/1005002017596645.html,53.88,,30.00%,2098-12-31,null%,https://s.click.aliexpress.com/e/_AEvOMK
Women's Shoes,200133142,Fashion Black Zipper Long Boots Suede Pointed Toe Over The Knee Thin High Heeled Boots 2020 Women Autumn Winter Shoes,1005002060084049,https://ae01.alicdn.com/kf/Haf283a98a2c946d19e8f61af63f37805W/Fashion-Black-Zipper-Long-Boots-Suede-Pointed-Toe-Over-The-Knee-Thin-High-Heeled-Boots-2020.jpg_220x220.jpg,"https://ae04.alicdn.com/kf/Haf283a98a2c946d19e8f61af63f37805W.jpg,https://ae04.alicdn.com/kf/H2e07cc435a7646f6a9fed0fde0b4578bY.jpg,https://ae04.alicdn.com/kf/H7b0e673908e444588eeee1df0ad006e6c.jpg,https://ae04.alicdn.com/kf/H737afa947b2d4c59afeac0a939f75e35Q.jpg,https://ae04.alicdn.com/kf/H63ec9b3b7b1d4a8a8b197ed795bc76e0O.jpg,",https://www.aliexpress.com/item/1005002060084049.html,83.24,34.96,30.00%,2098-12-31,58%,https://s.click.aliexpress.com/e/_AVzG94
Women's Shoes,200133142,Sexy Thin High Heel Sandals Women Summer Ankle-wrap Party Sandals 2021 New Rivet Open Toe Shoes Ladies Fashion Shoes,1005002063087929,https://ae01.alicdn.com/kf/H41018f89fa854d6b9ac042955fe9262e2/Sexy-Thin-High-Heel-Sandals-Women-Summer-Ankle-wrap-Party-Sandals-2021-New-Rivet-Open-Toe.jpg_220x220.jpg,"https://ae04.alicdn.com/kf/H41018f89fa854d6b9ac042955fe9262e2.jpg,https://ae04.alicdn.com/kf/H43faac62b28d452eb4b744c8ec8ec134s.jpg,https://ae04.alicdn.com/kf/Hd5606449a481442ab5810b737ebb7918G.jpg,https://ae04.alicdn.com/kf/H7f1c9823fddd4fb98abb13c08f2db1d2k.jpg,",https://www.aliexpress.com/item/1005002063087929.html,69.26,29.09,30.00%,2098-12-31,58%,https://s.click.aliexpress.com/e/_9jwf2K
Women's Shoes,200133142,Summer Shoes 2021 Women New Casual Black Wedges Sandals Ladies Covel Heel Buckle Strap Platform Shoes Female Fashion,1005002038002725,https://ae01.alicdn.com/kf/H8677fc3e87604d0facd2ca4c2ab0cb659/Summer-Shoes-2021-Women-New-Casual-Black-Wedges-Sandals-Ladies-Covel-Heel-Buckle-Strap-Platform-Shoes.jpg_220x220.jpg,"https://ae04.alicdn.com/kf/H8677fc3e87604d0facd2ca4c2ab0cb659.jpg,https://ae04.alicdn.com/kf/H07f3df7453a542098bb6ff1a069a05c7a.jpg,https://ae04.alicdn.com/kf/H84f73daa046f4d7f8fb23d0d943027f4I.jpg,https://ae04.alicdn.com/kf/H138a2db5b7b745459524fa11b6330fe2w.jpg,https://ae04.alicdn.com/kf/H69b728648802441586bacf326bce16ee6.jpg,",https://www.aliexpress.com/item/1005002038002725.html,61.58,32.02,30.00%,2098-12-31,48%,https://s.click.aliexpress.com/e/_AbNwKI
Women's Shoes,200133142,Women Ankle Boots Autumn Winter Chelsea Pu Leather Boots Ladies Black Low Heel Short Booties 2021 Female New Shoes Big Size 43,1005002048685282,https://ae01.alicdn.com/kf/Hf050ac38cde74e2492dc00993f166552s/Women-Ankle-Boots-Autumn-Winter-Chelsea-Pu-Leather-Boots-Ladies-Black-Low-Heel-Short-Booties-2021.jpg_220x220.jpg,"https://ae04.alicdn.com/kf/Hf050ac38cde74e2492dc00993f166552s.jpg,https://ae04.alicdn.com/kf/H0dfc2d82403d433da796b7c9d79b5410u.jpg,",https://www.aliexpress.com/item/1005002048685282.html,63.21,32.87,30.00%,2098-12-31,48%,https://s.click.aliexpress.com/e/_AOS27g
Women's Shoes,200133142,Women's High-heeled Sandals 2021 Summer Women's Fashion Versatile Belt Buckle Ankle Strap Metal Decorative Sandals,1005002032266503,https://ae01.alicdn.com/kf/H450b6bd323eb4803b8f2f426d34da5caW/Women-s-High-heeled-Sandals-2021-Summer-Women-s-Fashion-Versatile-Belt-Buckle-Ankle-Strap-Metal.jpg_220x220.jpg,"https://ae04.alicdn.com/kf/H450b6bd323eb4803b8f2f426d34da5caW.jpg,https://ae04.alicdn.com/kf/Hf1d64a954d3048e69d8dd79207dfd3946.jpg,https://ae04.alicdn.com/kf/H06c2fface5614ad29e73ccac2f89c2b4i.jpg,https://ae04.alicdn.com/kf/Hd54b1b1cd8504ac68e2ea812f79d46c5Q.jpg,https://ae04.alicdn.com/kf/H3918747f19dc4502872311ce2c5f7686o.jpg,",https://www.aliexpress.com/item/1005002032266503.html,55.06,28.63,30.00%,2098-12-31,48%,https://s.click.aliexpress.com/e/_AUXvi6
Women's Shoes,200133142,Women Spring Mid-calf Riding Boots Fashion Thick Heel Vintage Belt Buckle Black Boots Ladies New Zipper Mesh Breathable Shoes,1005002069626567,https://ae01.alicdn.com/kf/H5bfc2c0b5298468a97c66b27c542f3366/Women-Spring-Mid-calf-Riding-Boots-Fashion-Thick-Heel-Vintage-Belt-Buckle-Black-Boots-Ladies-New.jpg_220x220.jpg,"https://ae04.alicdn.com/kf/H5bfc2c0b5298468a97c66b27c542f3366.jpg,https://ae04.alicdn.com/kf/Ha9e9c39b72e243c6b1566c5f926792bdW.jpg,https://ae04.alicdn.com/kf/H3e9d71aed19841e5b7182125dc62f5b9X.jpg,https://ae04.alicdn.com/kf/Hdf53a1abc8fa40b1b6844c41cf118efbT.jpg,",https://www.aliexpress.com/item/1005002069626567.html,84.43,35.46,30.00%,2098-12-31,58%,https://s.click.aliexpress.com/e/_9w85HY
Women's Shoes,200133142,Fashion Yellow Gladiator Women Summer Sexy Thin High Heel Sandals 2021 New Open Toe Leopard Party Sandals Ladies Sexy Shoes,1005002063427354,https://ae01.alicdn.com/kf/Hcadddac90e064e90b2990bdae4282a81c/Fashion-Yellow-Gladiator-Women-Summer-Sexy-Thin-High-Heel-Sandals-2021-New-Open-Toe-Leopard-Party.jpg_220x220.jpg,"https://ae04.alicdn.com/kf/Hcadddac90e064e90b2990bdae4282a81c.jpg,https://ae04.alicdn.com/kf/Ha7e234a9ab304ada96704b988ba97d18k.jpg,https://ae04.alicdn.com/kf/Hd91837845d4040d8b45f20bee3658104F.jpg,https://ae04.alicdn.com/kf/H29637f41f8774431b05a3dac3e3712c4N.jpg,",https://www.aliexpress.com/item/1005002063427354.html,65.62,27.56,30.00%,2098-12-31,58%,https://s.click.aliexpress.com/e/_Arg8CS
Women's Shoes,200133142,Sexy Mature Silver Sandals Women Thin High Heel Shiny Party Shoes 2021 Summer New Open Toe Cover Heel Shoes Female Fashion,1005002067964387,https://ae01.alicdn.com/kf/He721f1b40457414197745767b947e37eY/Sexy-Mature-Silver-Sandals-Women-Thin-High-Heel-Shiny-Party-Shoes-2021-Summer-New-Open-Toe.jpg_220x220.jpg,"https://ae04.alicdn.com/kf/He721f1b40457414197745767b947e37eY.jpg,https://ae04.alicdn.com/kf/H2b9dc20899d8431a839ebdc5136d5440t.jpg,https://ae04.alicdn.com/kf/Hfddbb8fa5269483c8859aaa3eeae6bf1j.jpg,https://ae04.alicdn.com/kf/H7ea02164b0a44e6caa7f625fe3b6c968O.jpg,https://ae04.alicdn.com/kf/H33f0f6e08f2440be8dd7226d8efc2bd87.jpg,",https://www.aliexpress.com/item/1005002067964387.html,66.86,28.08,30.00%,2098-12-31,58%,https://s.click.aliexpress.com/e/_9GW8AA
Women's Shoes,200133142,Spring Autumn Singel Shoes Women Zipper High Heel Mary Janes 2021 Fashion Mature Black Thick Heel Ladies Shoes Female New,1005002067798923,https://ae01.alicdn.com/kf/H215f2184bbff45aabadcc07afbb96313Q/Spring-Autumn-Singel-Shoes-Women-Zipper-High-Heel-Mary-Janes-2021-Fashion-Mature-Black-Thick-Heel.jpg_220x220.jpg,"https://ae04.alicdn.com/kf/H215f2184bbff45aabadcc07afbb96313Q.jpg,https://ae04.alicdn.com/kf/H71509dd380e1483889fbe4801f21acdcx.jpg,https://ae04.alicdn.com/kf/H27c55dda1ef94bafbe1bd249c6e64683p.jpg,https://ae04.alicdn.com/kf/H141bb12a54774bca97aba5b5678670e4J.jpg,https://ae04.alicdn.com/kf/Hf5db754f118948e89ed4f0c4cb7544780.jpg,",https://www.aliexpress.com/item/1005002067798923.html,67.45,28.33,30.00%,2098-12-31,58%,https://s.click.aliexpress.com/e/_Ap7cRY
Women's Shoes,200133142,Women Summer Flat Sandals Ladies Casual Buckle Snake Skin Cork Shoes 2021 New Fashion Outdoor Beach Comfort Shoes,1005002042049325,https://ae01.alicdn.com/kf/H68e6bd9c6c1145b99834d0a05ef875e8M/Women-Summer-Flat-Sandals-Ladies-Casual-Buckle-Snake-Skin-Cork-Shoes-2021-New-Fashion-Outdoor-Beach.jpg_220x220.jpg,"https://ae04.alicdn.com/kf/H68e6bd9c6c1145b99834d0a05ef875e8M.jpg,https://ae04.alicdn.com/kf/Hbe90fb8178d64c54b5be827723145f1cX.jpg,https://ae04.alicdn.com/kf/H8762739c544b471f8f9626f7618d483b0.jpg,https://ae04.alicdn.com/kf/Hf8238b04c1244963855eb1cf90d58da1C.jpg,https://ae04.alicdn.com/kf/Hc9a7882a56bc408099dcfe4e0927134an.jpg,",https://www.aliexpress.com/item/1005002042049325.html,54.39,28.28,30.00%,2098-12-31,48%,https://s.click.aliexpress.com/e/_A8fL2S
Women's Shoes,200133142,Women Sexy Thin High Heels Shoes Summer Open Toe Hollow Out Pumps Sandals Ladies Belt Buckle Party Shoes Big Size 43 2021 New,1005002031980977,https://ae01.alicdn.com/kf/H3211bc4db69343b3a456657832938aa64/Women-Sexy-Thin-High-Heels-Shoes-Summer-Open-Toe-Hollow-Out-Pumps-Sandals-Ladies-Belt-Buckle.jpg_220x220.jpg,"https://ae04.alicdn.com/kf/H3211bc4db69343b3a456657832938aa64.jpg,https://ae04.alicdn.com/kf/Hbcbbb32768de4fc3861688a1b7d3f6acn.jpg,https://ae04.alicdn.com/kf/H40ad1ea01a5244338ac771249d6ed179v.jpg,https://ae04.alicdn.com/kf/H1b44fd99f6884992989b1504b417ebf58.jpg,https://ae04.alicdn.com/kf/H704c421d0cf941f084de0c45a726f351w.jpg,",https://www.aliexpress.com/item/1005002031980977.html,58.43,30.38,30.00%,2098-12-31,48%,https://s.click.aliexpress.com/e/_AcjH50
Women's Shoes,200133142,Woman Summer Casual Flat Shoes 2021 New Sandals Slippers Women Butterfly-knot Pointed Toe Slides Ladies Shoes,1005002011365454,https://ae01.alicdn.com/kf/H4e533599a168451a9359694dfad0f61de/Woman-Summer-Casual-Flat-Shoes-2021-New-Sandals-Slippers-Women-Butterfly-knot-Pointed-Toe-Slides-Ladies.jpg_220x220.jpg,"https://ae04.alicdn.com/kf/H4e533599a168451a9359694dfad0f61de.jpg,https://ae04.alicdn.com/kf/He0860c1d0f4e4c5792490bf7cd935ac5k.jpg,https://ae04.alicdn.com/kf/Ha6c23cefc11641d4a73bf12653e93afcA.jpg,https://ae04.alicdn.com/kf/H12dbb39a5f5749b795ecee973d405fffD.jpg,https://ae04.alicdn.com/kf/H671308c8d43e4f0dbdccc4f3ed025e0bb.jpg,",https://www.aliexpress.com/item/1005002011365454.html,63.75,,30.00%,2098-12-31,null%,https://s.click.aliexpress.com/e/_AKf7xU
Women's Shoes,200133142,Woman Summer Casual Slippers 2021 New Flat Shoes Ladies Graffiti Square Toe Slides Female Metal Shoes Plus Size 42,1005002011958854,https://ae01.alicdn.com/kf/Hd0e13471469e4d02bc5b086c98fe2e97n/Woman-Summer-Casual-Slippers-2021-New-Flat-Shoes-Ladies-Graffiti-Square-Toe-Slides-Female-Metal-Shoes.jpg_220x220.jpg,"https://ae04.alicdn.com/kf/Hd0e13471469e4d02bc5b086c98fe2e97n.jpg,https://ae04.alicdn.com/kf/Hd325c33cb9cb415997c52680e8cccd4bU.jpg,https://ae04.alicdn.com/kf/H37cc67e575864e49a73b3dd0a9c9ba8ai.jpg,https://ae04.alicdn.com/kf/H98b5858540df4ceeb399cd41ae3a3d80e.jpg,https://ae04.alicdn.com/kf/Hceee09fe81d04b39a1824aaed8ee75eaE.jpg,",https://www.aliexpress.com/item/1005002011958854.html,54.42,,30.00%,2098-12-31,null%,https://s.click.aliexpress.com/e/_AfcNZo
Women's Shoes,200133142,Fashion Summer Women Temperament Sandals Hollow Screen Sexy Cool Boots Fish Mouth High Heels Women's Zipper Rome Shoes Mature,1005002001618970,https://ae01.alicdn.com/kf/H7d42966f653142e493b6b0cc2b970f44R/Fashion-Summer-Women-Temperament-Sandals-Hollow-Screen-Sexy-Cool-Boots-Fish-Mouth-High-Heels-Women-s.jpg_220x220.jpg,"https://ae04.alicdn.com/kf/H7d42966f653142e493b6b0cc2b970f44R.jpg,https://ae04.alicdn.com/kf/H80c9839e672c4182b94ee0d49450309dd.jpg,https://ae04.alicdn.com/kf/H81ac553899ba4e5e9761b0144a58ce1eA.jpg,https://ae04.alicdn.com/kf/Hbcb6e863405c415d9d0f054e0b7beb4bm.jpg,https://ae04.alicdn.com/kf/H85394189aafc4dc2bb0a830b8ee71b1bo.jpg,",https://www.aliexpress.com/item/1005002001618970.html,74.29,,30.00%,2098-12-31,null%,https://s.click.aliexpress.com/e/_ABCJ8m
Women's Shoes,200133142,Thick Sole Single Shoes Women's New Autumn Winter 2021 Fashion Leather Slope Heels Stretch Casual Woman Shallow Round Toe Flats,1005002002172378,https://ae01.alicdn.com/kf/H52d788037d2344a69606233496501a5e7/Thick-Sole-Single-Shoes-Women-s-New-Autumn-Winter-2021-Fashion-Leather-Slope-Heels-Stretch-Casual.jpg_220x220.jpg,"https://ae04.alicdn.com/kf/H52d788037d2344a69606233496501a5e7.jpg,https://ae04.alicdn.com/kf/H9d464f5bd48545f7b72e31d1f7b86447T.jpg,https://ae04.alicdn.com/kf/H58a35962d2ae4c168309c080307a393f5.jpg,https://ae04.alicdn.com/kf/H9753938a3724493498dd5fecabe60461h.jpg,https://ae04.alicdn.com/kf/H3d402c0de2f44d0c8ac071c284b12361P.jpg,",https://www.aliexpress.com/item/1005002002172378.html,75.64,,30.00%,2098-12-31,null%,https://s.click.aliexpress.com/e/_A3QBsq
Women's Shoes,200133142,Zipper Motorcycle Snow Boots Women 2021 Winter New Warm Fur Thickened Mid Calf Boots Flatt Heels Thick Soled Cotton Female Shoes,1005002007309762,https://ae01.alicdn.com/kf/H61fe080741ac4d04aac244bb08a877a50/Zipper-Motorcycle-Snow-Boots-Women-2021-Winter-New-Warm-Fur-Thickened-Mid-Calf-Boots-Flatt-Heels.jpg_220x220.jpg,"https://ae04.alicdn.com/kf/H61fe080741ac4d04aac244bb08a877a50.jpg,https://ae04.alicdn.com/kf/H9b3e156ec6e04439b70b22c177eea03fD.jpg,https://ae04.alicdn.com/kf/H2f473bde60ca44a1ad897fce01c40a5bj.jpg,https://ae04.alicdn.com/kf/He3082e7cc31f4e23a02327d3acf4ede2w.jpg,https://ae04.alicdn.com/kf/H0838f73eec884f65bd3b26f8be5ba5cfN.jpg,",https://www.aliexpress.com/item/1005002007309762.html,90.08,,30.00%,2098-12-31,null%,https://s.click.aliexpress.com/e/_9gGBQS
Women's Shoes,200133142,Women's Running Sneakers Women Casual Lace Up Vulcanized Shoes Woman Flat Walking Shoes Ladies Air Cushion Breathable Sport Shoe,1005002008142839,https://ae01.alicdn.com/kf/H7507d1984c3d4a029fb6bcf6567c2d33z/Women-s-Running-Sneakers-Women-Casual-Lace-Up-Vulcanized-Shoes-Woman-Flat-Walking-Shoes-Ladies-Air.jpg_220x220.jpg,"https://ae04.alicdn.com/kf/H7507d1984c3d4a029fb6bcf6567c2d33z.jpg,https://ae04.alicdn.com/kf/Hc1b8e83b11774fb595c8154366dfd8047.jpg,https://ae04.alicdn.com/kf/H99e23efd9ad54aefb114de570ce6d4f08.jpg,https://ae04.alicdn.com/kf/H3783e9bdfb2a475f9865eccb74be9cbcq.jpg,https://ae04.alicdn.com/kf/Hbd7bd6e40552454382d6795a6d8b81b67.jpg,",https://www.aliexpress.com/item/1005002008142839.html,61.51,,30.00%,2098-12-31,null%,https://s.click.aliexpress.com/e/_AluOpM
Women's Shoes,200133142,Women Sneakers 2021 Spring Casual Lace Up Flat Vulcanized Shoes Ladies Walking Shoes Female Air Cushion Breathable Sport Shoes,1005002010849401,https://ae01.alicdn.com/kf/H50623f079db749548bfb4c83f3cc41937/Women-Sneakers-2021-Spring-Casual-Lace-Up-Flat-Vulcanized-Shoes-Ladies-Walking-Shoes-Female-Air-Cushion.jpg_220x220.jpg,"https://ae04.alicdn.com/kf/H50623f079db749548bfb4c83f3cc41937.jpg,https://ae04.alicdn.com/kf/H1270e4cbac1f422188cc382e3047997eq.jpg,https://ae04.alicdn.com/kf/Hddda5000eeac457896724289e2876ef8K.jpg,https://ae04.alicdn.com/kf/H0a4180066639433d9387c5bfb2b24521g.jpg,https://ae04.alicdn.com/kf/H004ea324deff428681c0d4fb805c3f8d1.jpg,",https://www.aliexpress.com/item/1005002010849401.html,59.78,,30.00%,2098-12-31,null%,https://s.click.aliexpress.com/e/_9InhZC
Women's Shoes,200133142,Women Ankle Boots 2021 New Winter Chunky Heel Thick Bottom Knitting Wool Boots Female Fashion Buckle Platform Short Shoes,1005001997927053,https://ae01.alicdn.com/kf/Hefaaa7edec0c449284d29ce377894395J/Women-Ankle-Boots-2021-New-Winter-Chunky-Heel-Thick-Bottom-Knitting-Wool-Boots-Female-Fashion-Buckle.jpg_220x220.jpg,"https://ae04.alicdn.com/kf/Hefaaa7edec0c449284d29ce377894395J.jpg,https://ae04.alicdn.com/kf/He6129ce7ccf14404b89781230673ee81T.jpg,https://ae04.alicdn.com/kf/H9bc2d887362b4c4b900718c9b1932e5dL.jpg,https://ae04.alicdn.com/kf/He4a84dc99e444877b39b8b5db912fa1ah.jpg,https://ae04.alicdn.com/kf/H89838386122e4609b3714234111c477a4.jpg,",https://www.aliexpress.com/item/1005001997927053.html,88.66,,30.00%,2098-12-31,null%,https://s.click.aliexpress.com/e/_AKdAPo
Women's Shoes,200133142,2021 Spring Women Sneaker Casual Lace Up Flat Sport Shoes Ladies Simple Running Vulcanized Shoes Female New Fashion,1005002011829277,https://ae01.alicdn.com/kf/H536a40be86944912ae5d965ff3212933k/2021-Spring-Women-Sneaker-Casual-Lace-Up-Flat-Sport-Shoes-Ladies-Simple-Running-Vulcanized-Shoes-Female.jpg_220x220.jpg,"https://ae04.alicdn.com/kf/H536a40be86944912ae5d965ff3212933k.jpg,https://ae04.alicdn.com/kf/He27f2772ead24976b0e5658140ae899cO.jpg,https://ae04.alicdn.com/kf/Hc2cea511f5694d8ba00a48e74088ce0f1.jpg,https://ae04.alicdn.com/kf/H5b1383ec156d4b35b49c26b1b58c4cb65.jpg,https://ae04.alicdn.com/kf/H5c208916a5224a158862f53b49846a14o.jpg,",https://www.aliexpress.com/item/1005002011829277.html,57.49,,30.00%,2098-12-31,null%,https://s.click.aliexpress.com/e/_9gEESm
Women's Shoes,200133142,Fashion Women Black Ankle Boots Super High Heel Platform Booties Chain Lace-up Ladies Pumps Shoes 2021 Autumn Winter,1005001998038490,https://ae01.alicdn.com/kf/H05c4b2b635be426a85150cccd2614edap/Fashion-Women-Black-Ankle-Boots-Super-High-Heel-Platform-Booties-Chain-Lace-up-Ladies-Pumps-Shoes.jpg_220x220.jpg,"https://ae04.alicdn.com/kf/H05c4b2b635be426a85150cccd2614edap.jpg,https://ae04.alicdn.com/kf/H4a17257c7f344c2892ed302ec6c8db3ei.jpg,https://ae04.alicdn.com/kf/He905d6bee2714e0d97d6f2060b86ca2fT.jpg,https://ae04.alicdn.com/kf/H9f23afdbff964009ba86d8cadc5d43a7a.jpg,",https://www.aliexpress.com/item/1005001998038490.html,75.05,,30.00%,2098-12-31,null%,https://s.click.aliexpress.com/e/_AeMwnu
Women's Shoes,200133142,Winter 2021 Woman Ankle Boots Flock Chunky Heels Booties Round Toe Chelsea Square Fur Fashion Buckle Warm Women Shoes Solid Boot,1005001997878741,https://ae01.alicdn.com/kf/H5c03d9e6e0b6443c8111b8f23d7147580/Winter-2021-Woman-Ankle-Boots-Flock-Chunky-Heels-Booties-Round-Toe-Chelsea-Square-Fur-Fashion-Buckle.jpg_220x220.jpg,"https://ae04.alicdn.com/kf/H5c03d9e6e0b6443c8111b8f23d7147580.jpg,https://ae04.alicdn.com/kf/H388497e4164343b2a990072b19dd92b09.jpg,https://ae04.alicdn.com/kf/H1cbb6c13887c4d0dbe20b425dcfe7e85u.jpg,https://ae04.alicdn.com/kf/H3c5b902b03234c50bd3efae83aeab50c3.jpg,https://ae04.alicdn.com/kf/H8618122060834b90b036e12b3783b62bJ.jpg,",https://www.aliexpress.com/item/1005001997878741.html,58.91,,30.00%,2098-12-31,null%,https://s.click.aliexpress.com/e/_A1120i
Women's Shoes,200133142,2021 Woman Sexy Stiletto High Heels Sandals Roman Thong Flip Flops Open Toe T-strap Female Summer Shoes,1005002007386921,https://ae01.alicdn.com/kf/H1c2176a974d949358970daefacfdef788/2021-Woman-Sexy-Stiletto-High-Heels-Sandals-Roman-Thong-Flip-Flops-Open-Toe-T-strap-Female.jpg_220x220.jpg,"https://ae04.alicdn.com/kf/H1c2176a974d949358970daefacfdef788.jpg,https://ae04.alicdn.com/kf/H2b819ef52dab4c33bab1e4a21cac33edp.jpg,https://ae04.alicdn.com/kf/H2ce81a1819f341fc9389766c929f21dfT.jpg,https://ae04.alicdn.com/kf/Hee3aa0ff9e3646c59167a98b89d639da8.jpg,https://ae04.alicdn.com/kf/H4735f59dd34b45efa7365c35e655856dU.jpg,",https://www.aliexpress.com/item/1005002007386921.html,54.59,,30.00%,2098-12-31,null%,https://s.click.aliexpress.com/e/_9Qr3CQ
Women's Shoes,200133142,Women Fish Mouth Sandals 2021 Summer Ladies Casual Hollow Out Zipper Shoes Female Cross-strap Sandals Big Size 34-43,1005002007853223,https://ae01.alicdn.com/kf/H72c728e55be24595bb4454d93a12ccdch/Women-Fish-Mouth-Sandals-2021-Summer-Ladies-Casual-Hollow-Out-Zipper-Shoes-Female-Cross-strap-Sandals.jpg_220x220.jpg,"https://ae04.alicdn.com/kf/H72c728e55be24595bb4454d93a12ccdch.jpg,https://ae04.alicdn.com/kf/H22e014fcb9c145bcb2eb87faeef8ef4bM.jpg,https://ae04.alicdn.com/kf/H9f6bb4d776a14b3894b4ed06ef33ac39F.jpg,https://ae04.alicdn.com/kf/H9abb9e94dfce491a8212144b7a6ee8425.jpg,",https://www.aliexpress.com/item/1005002007853223.html,51.97,,30.00%,2098-12-31,null%,https://s.click.aliexpress.com/e/_APPKDG
Women's Shoes,200133142,Women Chunky Heel Ankle Boots 2020 Woman Fashion Platform Solid Black White Boots Autumn Winter Chelsea Boots Female Shoes,1005001998573372,https://ae01.alicdn.com/kf/H93c9c67bd4bc461da6f13e0b6d8f6213R/Women-Chunky-Heel-Ankle-Boots-2020-Woman-Fashion-Platform-Solid-Black-White-Boots-Autumn-Winter-Chelsea.jpg_220x220.jpg,"https://ae04.alicdn.com/kf/H93c9c67bd4bc461da6f13e0b6d8f6213R.jpg,https://ae04.alicdn.com/kf/Hb0d3e6c8630848ae9b200c14801a7de7H.jpg,https://ae04.alicdn.com/kf/H95a648d8542d4dbbaa79caba5475742aT.jpg,https://ae04.alicdn.com/kf/H42a2f9a28d9b4f818ab872fe85510127L.jpg,https://ae04.alicdn.com/kf/H748a7ce3976a4589aa9a8db82e1803a6V.jpg,",https://www.aliexpress.com/item/1005001998573372.html,62.88,,30.00%,2098-12-31,null%,https://s.click.aliexpress.com/e/_9HTGki
Women's Shoes,200133142,2021 Winter New Fashion Women Boots Pointed Toe Thin Heels Shoes Female Western Zipper Knitting Cotton Fabric Woman Warm Booties,1005001998102378,https://ae01.alicdn.com/kf/Hdfe5aec1f5d94b22a1293a10f7ec9d40l/2021-Winter-New-Fashion-Women-Boots-Pointed-Toe-Thin-Heels-Shoes-Female-Western-Zipper-Knitting-Cotton.jpg_220x220.jpg,"https://ae04.alicdn.com/kf/Hdfe5aec1f5d94b22a1293a10f7ec9d40l.jpg,https://ae04.alicdn.com/kf/Hf656f0fb1d3d4fafa3f347b9ec6766885.jpg,https://ae04.alicdn.com/kf/Hb7c28be52f664945894cc8ee2319efd5q.jpg,https://ae04.alicdn.com/kf/H117ace1768c240c9bf2be1e455ad9e28O.jpg,https://ae04.alicdn.com/kf/Hd1188a9b7ec44b068897e3f997a8030cS.jpg,",https://www.aliexpress.com/item/1005001998102378.html,79.58,,30.00%,2098-12-31,null%,https://s.click.aliexpress.com/e/_A2YkN8
Women's Shoes,200133142,2021 New Winter Short Boots Women's Warm Ankle Boots Women Non-slip Lace-up Shoes Plus Size 46 Ladies Fashion Black Booties,1005001998009383,https://ae01.alicdn.com/kf/H734ce4ed2751452191f2f9f5bae65221s/2021-New-Winter-Short-Boots-Women-s-Warm-Ankle-Boots-Women-Non-slip-Lace-up-Shoes.jpg_220x220.jpg,"https://ae04.alicdn.com/kf/H734ce4ed2751452191f2f9f5bae65221s.jpg,https://ae04.alicdn.com/kf/H0901707bfd7547869b08992fb52dd068a.jpg,https://ae04.alicdn.com/kf/H5149e94e982645949b576f2e907e2291G.jpg,https://ae04.alicdn.com/kf/H0721a2275ccd41ed82488af88903adb6a.jpg,https://ae04.alicdn.com/kf/H286fc6bd8ca447f4a530b4a038fa4366e.jpg,",https://www.aliexpress.com/item/1005001998009383.html,76.83,,30.00%,2098-12-31,null%,https://s.click.aliexpress.com/e/_AsbIC2
Women's Shoes,200133142,Women Sexy Ankle Boots 2021 New Antumn Chunky Heel Fish Mouth Fabric Stretch Boots Female Fashion Short Shoes,1005001997794139,https://ae01.alicdn.com/kf/Ha42cce7b546044b19eba1258207ed6c0O/Women-Sexy-Ankle-Boots-2021-New-Antumn-Chunky-Heel-Fish-Mouth-Fabric-Stretch-Boots-Female-Fashion.jpg_220x220.jpg,"https://ae04.alicdn.com/kf/Ha42cce7b546044b19eba1258207ed6c0O.jpg,https://ae04.alicdn.com/kf/H12c0410f78ac4516a0e2fc5b6475350bJ.jpg,https://ae04.alicdn.com/kf/H03ce8a92a453458ca0aeb7ab67950815c.jpg,https://ae04.alicdn.com/kf/H5d3373ce369a4906a9ca686e3936979dl.jpg,",https://www.aliexpress.com/item/1005001997794139.html,80.76,,30.00%,2098-12-31,null%,https://s.click.aliexpress.com/e/_9AC2Fo
Women's Shoes,200133142,women Chelsea ankle boots 2021 new fashion chunky heel smooth platform short boots ladies waterproof rain booties female shoes,1005002023409735,https://ae01.alicdn.com/kf/Hf79234a8bcab489996b2aec632411c2fH/women-Chelsea-ankle-boots-2021-new-fashion-chunky-heel-smooth-platform-short-boots-ladies-waterproof-rain.jpg_220x220.jpg,"https://ae04.alicdn.com/kf/Hf79234a8bcab489996b2aec632411c2fH.jpg,https://ae04.alicdn.com/kf/H4387af7cf4854e549449536107e3a327r.jpg,https://ae04.alicdn.com/kf/H0a452c8a6bbd4e399626d51c4cfee500Z.jpg,https://ae04.alicdn.com/kf/H523e61e517a74bbdb0d24711b0dfe6521.jpg,https://ae04.alicdn.com/kf/Haa7ff294ec2f4974baf42a785e80b71bZ.jpg,",https://www.aliexpress.com/item/1005002023409735.html,66.49,,30.00%,2098-12-31,null%,https://s.click.aliexpress.com/e/_AcLbIw
Women's Shoes,200133142,Women Thin High Heel Pump Shoes 2021 Spring New Sexy Shiny Party Single Shoes Fashion Platform Shallow Mouth Shoes,1005002049260558,https://ae01.alicdn.com/kf/H5dd1f838778f46ca953ce228567be928f/Women-Thin-High-Heel-Pump-Shoes-2021-Spring-New-Sexy-Shiny-Party-Single-Shoes-Fashion-Platform.jpg_220x220.jpg,"https://ae04.alicdn.com/kf/H5dd1f838778f46ca953ce228567be928f.jpg,https://ae04.alicdn.com/kf/H2f55cb3fa9cd4bc88d78ae04311bd0b4l.jpg,https://ae04.alicdn.com/kf/H1219eeec8e8a4de0beb4a5920c20d9fae.jpg,https://ae04.alicdn.com/kf/H8e81226718b84a97bc953a5d25dc00c4C.jpg,https://ae04.alicdn.com/kf/H2da8451bb4e944c2bef58841f1640155p.jpg,",https://www.aliexpress.com/item/1005002049260558.html,58.40,,30.00%,2098-12-31,null%,https://s.click.aliexpress.com/e/_A34Dwa
Women's Shoes,200133142,Thick Sole Punk Motorcycle Ankle Boots Women Sexy High Heel Round Toe Platform Short Boots Black Fashion Shoes 2021 Winter,1005001998016065,https://ae01.alicdn.com/kf/Ha6dab4e060d34201b735951648a32816Y/Thick-Sole-Punk-Motorcycle-Ankle-Boots-Women-Sexy-High-Heel-Round-Toe-Platform-Short-Boots-Black.jpg_220x220.jpg,"https://ae04.alicdn.com/kf/Ha6dab4e060d34201b735951648a32816Y.jpg,https://ae04.alicdn.com/kf/H2cf274a036404b93b4d5e69b34f6dad4F.jpg,https://ae04.alicdn.com/kf/H3868810fcbb4400caeffe343a658660fg.jpg,https://ae04.alicdn.com/kf/H982cf7f7df0444b0bfddd0264cca42a1d.jpg,https://ae04.alicdn.com/kf/H15b7b47e22764e5b8eceab2e150a873fP.jpg,",https://www.aliexpress.com/item/1005001998016065.html,73.39,,30.00%,2098-12-31,null%,https://s.click.aliexpress.com/e/_AXWvX8
Women's Shoes,200133142,Women Western Cowboy Boots 2021 Handmade Rivet Printing Shoes Fashion Round Toe Riding Boots Female Low-heel Boot Plus Size 43,1005001998084907,https://ae01.alicdn.com/kf/Hb5fc85c2e42549c1adb0f4b846cfd6c8o/Women-Western-Cowboy-Boots-2021-Handmade-Rivet-Printing-Shoes-Fashion-Round-Toe-Riding-Boots-Female-Low.jpg_220x220.jpg,"https://ae04.alicdn.com/kf/Hb5fc85c2e42549c1adb0f4b846cfd6c8o.jpg,https://ae04.alicdn.com/kf/H0bf153a4db204a6d9501416a91540f00d.jpg,https://ae04.alicdn.com/kf/Hb70889c1419046e8884d959043987b09c.jpg,https://ae04.alicdn.com/kf/Hb6c9cb7e6b8f4458ad2093993ee78667R.jpg,https://ae04.alicdn.com/kf/H07e78760e0d2402bba529d6f588df560K.jpg,",https://www.aliexpress.com/item/1005001998084907.html,65.57,,30.00%,2098-12-31,null%,https://s.click.aliexpress.com/e/_9z7566
Women's Shoes,200133142,Women Western Cowboy Denim Boots 2021 New Chunky High Heel Mid Calf Boots Ladies Fashion Totem Black Shoes Big Size 43,1005002048726457,https://ae01.alicdn.com/kf/Hb34fc951f56840ac8bb71991eeba29f2D/Women-Western-Cowboy-Denim-Boots-2021-New-Chunky-High-Heel-Mid-Calf-Boots-Ladies-Fashion-Totem.jpg_220x220.jpg,"https://ae04.alicdn.com/kf/Hb34fc951f56840ac8bb71991eeba29f2D.jpg,https://ae04.alicdn.com/kf/H54012897e6774fe3b469634db127c570m.jpg,https://ae04.alicdn.com/kf/He5ee856a509749c892e4317bcb7452c6R.jpg,https://ae04.alicdn.com/kf/H5c164c41a1204773999f7301852b1e65m.jpg,https://ae04.alicdn.com/kf/Hcd9632bca2dc4a53b5539864dcb32a74Z.jpg,",https://www.aliexpress.com/item/1005002048726457.html,71.20,,30.00%,2098-12-31,null%,https://s.click.aliexpress.com/e/_9yRsmq
Women's Shoes,200133142,2021 Women Sexy Thigh High Boots Autumn Winter Over The Knee Chunky High Heels Quality Suede Long Boots Female Fashion Shoes,1005002002372385,https://ae01.alicdn.com/kf/Hde4faf367d8746908851207a9fb88e9a2/2021-Women-Sexy-Thigh-High-Boots-Autumn-Winter-Over-The-Knee-Chunky-High-Heels-Quality-Suede.jpg_220x220.jpg,"https://ae04.alicdn.com/kf/Hde4faf367d8746908851207a9fb88e9a2.jpg,https://ae04.alicdn.com/kf/H40a4b64c6a2f42538c27271efb387ceff.jpg,https://ae04.alicdn.com/kf/Hf9929a492d8e44f38aa57fed366a9871Q.jpg,https://ae04.alicdn.com/kf/Hed7f688803ce4547afb3161a10f642f5y.jpg,https://ae04.alicdn.com/kf/H3c8109d33693443d81a181f821a3c5fcN.jpg,",https://www.aliexpress.com/item/1005002002372385.html,62.12,,30.00%,2098-12-31,null%,https://s.click.aliexpress.com/e/_AkSTqi
Women's Shoes,200133142,Women Stiletto High Heels Pumps Shoes 2021 Spring Autumn Sexy Wedding Party Shoes Ladies Black Red Tacones Mujer Female New,1005002001600829,https://ae01.alicdn.com/kf/H5c8498ddb8de4a31b08a84eae028d3cfn/Women-Stiletto-High-Heels-Pumps-Shoes-2021-Spring-Autumn-Sexy-Wedding-Party-Shoes-Ladies-Black-Red.jpg_220x220.jpg,"https://ae04.alicdn.com/kf/H5c8498ddb8de4a31b08a84eae028d3cfn.jpg,https://ae04.alicdn.com/kf/Heee5e90e38ab42beafe2439a713e6eedF.jpg,https://ae04.alicdn.com/kf/H105c67d400c944ea801f502611366cb4M.jpg,https://ae04.alicdn.com/kf/H67a7ee7357614db7a1c265a169a20be3d.jpg,https://ae04.alicdn.com/kf/Hed77124788f64c418c31c9857b31ef52f.jpg,",https://www.aliexpress.com/item/1005002001600829.html,56.26,,30.00%,2098-12-31,null%,https://s.click.aliexpress.com/e/_A0H5cO
Women's Shoes,200133142,2021 New Winter Short Boots Women Snakeskin Shoes Ladies High Heels Boots Autumn Female Fashion Stiletto Booties Plus Size 46,1005001998401347,https://ae01.alicdn.com/kf/H121d4c43e58344cd8d13055fa092989aZ/2021-New-Winter-Short-Boots-Women-Snakeskin-Shoes-Ladies-High-Heels-Boots-Autumn-Female-Fashion-Stiletto.jpg_220x220.jpg,"https://ae04.alicdn.com/kf/H121d4c43e58344cd8d13055fa092989aZ.jpg,https://ae04.alicdn.com/kf/Hf7b7acb2e3e94b068ce7d9c7e75c4055R.jpg,https://ae04.alicdn.com/kf/H6ab88fa251e0408e8b262e6229b3ec65u.jpg,https://ae04.alicdn.com/kf/Hc9114ecfafc34fe58c4c1f2bf2d2ad30Y.jpg,https://ae04.alicdn.com/kf/H00bc259bc04b400297c831551a35097dL.jpg,",https://www.aliexpress.com/item/1005001998401347.html,63.65,,30.00%,2098-12-31,null%,https://s.click.aliexpress.com/e/_9IvfBM
Women's Shoes,200133142,2021 Summer New  Fashion Sexy Nightclub High Heels Leather Metal Rivet Sexy Nightclub Women's Shoes ROMAN SANDALS,1005002007916516,https://ae01.alicdn.com/kf/H7dc5ee6bb8b14da7afa94e72b4079108M/2021-Summer-New-Fashion-Sexy-Nightclub-High-Heels-Leather-Metal-Rivet-Sexy-Nightclub-Women-s-Shoes.jpg_220x220.jpg,"https://ae04.alicdn.com/kf/H7dc5ee6bb8b14da7afa94e72b4079108M.jpg,https://ae04.alicdn.com/kf/Hdfd04fe54ba849b78e9af0702bd8e3c7V.jpg,https://ae04.alicdn.com/kf/Ha134fad3f9c04fde9a1f346911aa95bal.jpg,https://ae04.alicdn.com/kf/H75b6b0ad4d6c4f76a0ecff8c119712adv.jpg,https://ae04.alicdn.com/kf/H63d2319af8a4404296d089331f8c43538.jpg,",https://www.aliexpress.com/item/1005002007916516.html,62.08,,30.00%,2098-12-31,null%,https://s.click.aliexpress.com/e/_Alm0jC
Women's Shoes,200133142,Women Martin Boots 2021 Autumn Flat Zipper Genuine Leather Short Booties Ladies Fashion Platform Boots Female New Short Shoes,1005002017625928,https://ae01.alicdn.com/kf/H88800b12b4164582ac4374c5726abfe5N/Women-Martin-Boots-2021-Autumn-Flat-Zipper-Genuine-Leather-Short-Booties-Ladies-Fashion-Platform-Boots-Female.jpg_220x220.jpg,"https://ae04.alicdn.com/kf/H88800b12b4164582ac4374c5726abfe5N.jpg,https://ae04.alicdn.com/kf/H2af23f395acc4072a2014febf3c5479f7.jpg,https://ae04.alicdn.com/kf/H179890b2a3eb4c3b99dbb12ef13dcc02X.jpg,https://ae04.alicdn.com/kf/H45c778045c7349439b6133a94c2806d96.jpg,https://ae04.alicdn.com/kf/H3022dc3712d240b3832b30890da990bez.jpg,",https://www.aliexpress.com/item/1005002017625928.html,57.54,,30.00%,2098-12-31,null%,https://s.click.aliexpress.com/e/_AY2Jea
Women's Shoes,200133142,2021 Winter Women Ankle Boots Fashion Zipper Pointed Toe Smooth Short Boots Ladies Med Heels Work Booties Female New Shoes,1005002001870066,https://ae01.alicdn.com/kf/H91624009504742a8a39a686d0d8de244d/2021-Winter-Women-Ankle-Boots-Fashion-Zipper-Pointed-Toe-Smooth-Short-Boots-Ladies-Med-Heels-Work.jpg_220x220.jpg,"https://ae04.alicdn.com/kf/H91624009504742a8a39a686d0d8de244d.jpg,https://ae04.alicdn.com/kf/H38ee6cb70de845aba67b3a739cc11c07B.jpg,https://ae04.alicdn.com/kf/Hec89e41a2f844046bc60e9b3b4a24922l.jpg,https://ae04.alicdn.com/kf/H0d5a326ab3ff4cf78b850f57fc5334dbK.jpg,https://ae04.alicdn.com/kf/Ha5e1600b7f5c47359b1bdbf13911539ak.jpg,",https://www.aliexpress.com/item/1005002001870066.html,65.43,,30.00%,2098-12-31,null%,https://s.click.aliexpress.com/e/_9JV8Tg
Women's Shoes,200133142,Women Rome Sandals 2021 New Fashion Flat Sandals Vintage Non-slip Slippers Ladies Casual Beach Slides Female Shoes Soft Bottom,1005002002518900,https://ae01.alicdn.com/kf/Hb7bbb445ea874cd2a6bff14cbe1cb40dm/Women-Rome-Sandals-2021-New-Fashion-Flat-Sandals-Vintage-Non-slip-Slippers-Ladies-Casual-Beach-Slides.jpg_220x220.jpg,"https://ae04.alicdn.com/kf/Hb7bbb445ea874cd2a6bff14cbe1cb40dm.jpg,https://ae04.alicdn.com/kf/Ha5830a5e593d46398d7163408000d465n.jpg,https://ae04.alicdn.com/kf/H898b4b6bc7864f208e5c8da5fb937b13z.jpg,https://ae04.alicdn.com/kf/H1f6b4c13055a4948bc469d047141b808U.jpg,https://ae04.alicdn.com/kf/H7c5721a804464fbeb36f1b55330e79dca.jpg,",https://www.aliexpress.com/item/1005002002518900.html,53.04,,30.00%,2098-12-31,null%,https://s.click.aliexpress.com/e/_A98SAW
Women's Shoes,200133142,Women's Flats Running Sneakers Casual Vulcanized Shoes Autumn Spring Ladies Shoes Light Breathable Female Footwear 2021,1005002029048179,https://ae01.alicdn.com/kf/Hb4232bab1c0f4125b9730230b518056bb/Women-s-Flats-Running-Sneakers-Casual-Vulcanized-Shoes-Autumn-Spring-Ladies-Shoes-Light-Breathable-Female-Footwear.jpg_220x220.jpg,"https://ae04.alicdn.com/kf/Hb4232bab1c0f4125b9730230b518056bb.jpg,https://ae04.alicdn.com/kf/Hf67fd530573d467eb2b465515c28c794G.jpg,https://ae04.alicdn.com/kf/Hab3f0f87ec9044ddb699914aa44a7060h.jpg,https://ae04.alicdn.com/kf/Ha965e9c9e35c42f3b1b1925a9940b8b8r.jpg,",https://www.aliexpress.com/item/1005002029048179.html,49.00,,30.00%,2098-12-31,null%,https://s.click.aliexpress.com/e/_AdgyhU
Women's Shoes,200133142,Women Flat Martin Boots 2021 Autumn Winter Platform White Ankle Boots Female Lace-up Thick Sole Shoes Ladies Fashion Booties,1005002002540491,https://ae01.alicdn.com/kf/H8b5c977b00e944ca9d3524c717ed58901/Women-Flat-Martin-Boots-2021-Autumn-Winter-Platform-White-Ankle-Boots-Female-Lace-up-Thick-Sole.jpg_220x220.jpg,"https://ae04.alicdn.com/kf/H8b5c977b00e944ca9d3524c717ed58901.jpg,https://ae04.alicdn.com/kf/H9c2c8f1d54bf481c9e489a158dbea465j.jpg,https://ae04.alicdn.com/kf/H40a58f5419ed4b19a79beeb2d8e6f3d5P.jpg,https://ae04.alicdn.com/kf/H4ffbf9e8a2c94562b21aeabb0e5b21859.jpg,https://ae04.alicdn.com/kf/Hbba00be062db4cd3be4783fe580d9ba2S.jpg,",https://www.aliexpress.com/item/1005002002540491.html,66.67,,30.00%,2098-12-31,null%,https://s.click.aliexpress.com/e/_AAs0kw
Women's Shoes,200133142,Women High Heel Knee-high Boots Autumn Western Long Boots Artificial Pu Waterproof Buckles Boots 2021 New Fashion Shoes,1005001987488881,https://ae01.alicdn.com/kf/H22dc947a7b5f47d8b19d0c1e966bd46bF/Women-High-Heel-Knee-high-Boots-Autumn-Western-Long-Boots-Artificial-Pu-Waterproof-Buckles-Boots-2021.jpg_220x220.jpg,"https://ae04.alicdn.com/kf/H22dc947a7b5f47d8b19d0c1e966bd46bF.jpg,https://ae04.alicdn.com/kf/Hc6603a7b56e647daa6e008a2312618a8x.jpg,https://ae04.alicdn.com/kf/H9b0fe26e30e843bca327d7a608a4d655e.jpg,https://ae04.alicdn.com/kf/H4b5bf24498bc48df97f7e688d1d90b07q.jpg,https://ae04.alicdn.com/kf/H378a35217b8e4136bb903698980e93a8q.jpg,",https://www.aliexpress.com/item/1005001987488881.html,73.93,38.44,30.00%,2098-12-31,48%,https://s.click.aliexpress.com/e/_AOjM70
Women's Shoes,200133142,Women's Sandals 2021 Summer New European And American Style Women's Shoes Strap Thin Heel High Heels Women's Sandals,1005002011232840,https://ae01.alicdn.com/kf/H24316d970e384543b97aa5723544fbbd2/Women-s-Sandals-2021-Summer-New-European-And-American-Style-Women-s-Shoes-Strap-Thin-Heel.jpg_220x220.jpg,"https://ae04.alicdn.com/kf/H24316d970e384543b97aa5723544fbbd2.jpg,https://ae04.alicdn.com/kf/He86f9df7166f4254ae45341b84ef7ef8B.jpg,https://ae04.alicdn.com/kf/H755b687336f449b28d9c6d4ad2b58323e.jpg,https://ae04.alicdn.com/kf/H152b6add24a9429e9d223995ba7dd64fc.jpg,https://ae04.alicdn.com/kf/H1acc45b6434043f98cf00c35f4fc4c32S.jpg,",https://www.aliexpress.com/item/1005002011232840.html,50.90,,30.00%,2098-12-31,null%,https://s.click.aliexpress.com/e/_9GJIAO
Women's Shoes,200133142,Women High Heel Ankle Boots 2021 Autumn Winter New Crross-tied Suede Short Boots Female Sexy Zipper Boots Ladies Fashion Shoes,1005001984239781,https://ae01.alicdn.com/kf/Hb6805301ccad42e297d3c35d85df0e56G/Women-High-Heel-Ankle-Boots-2021-Autumn-Winter-New-Crross-tied-Suede-Short-Boots-Female-Sexy.jpg_220x220.jpg,"https://ae04.alicdn.com/kf/Hb6805301ccad42e297d3c35d85df0e56G.jpg,https://ae04.alicdn.com/kf/H3f6b23bf5ac34bbbba8a634aff260dc8N.jpg,https://ae04.alicdn.com/kf/H864c79552cc0480993bf8c0a68c87afdL.jpg,https://ae04.alicdn.com/kf/Hdc84eec0a3b841509704e797e0b88f04X.jpg,https://ae04.alicdn.com/kf/Hf31e4ec396ac4d2eb52e54df8531decak.jpg,",https://www.aliexpress.com/item/1005001984239781.html,68.96,35.86,30.00%,2098-12-31,48%,https://s.click.aliexpress.com/e/_AFkYME
Women's Shoes,200133142,2021 New Spring Women Flats Shoes European Style Pointed Toe Shallow Shoes Cow Leather Mules Zapatos De Mujer Big Size 34-43,1005001996906692,https://ae01.alicdn.com/kf/Ha81dbc25effa47af84e68a791591fd43Q/2021-New-Spring-Women-Flats-Shoes-European-Style-Pointed-Toe-Shallow-Shoes-Cow-Leather-Mules-Zapatos.jpg_220x220.jpg,"https://ae04.alicdn.com/kf/Ha81dbc25effa47af84e68a791591fd43Q.jpg,https://ae04.alicdn.com/kf/H9984de10b17a44eb9122a71220c94bb8z.jpg,https://ae04.alicdn.com/kf/H07ad230a6a7e4b32bb81cc898e902eddp.jpg,https://ae04.alicdn.com/kf/H4a8134b0cdc04246a0e64ce188476fa5k.jpg,",https://www.aliexpress.com/item/1005001996906692.html,58.03,29.02,30.00%,2098-12-31,50%,https://s.click.aliexpress.com/e/_A9aV22
Women's Shoes,200133142,2020 Women New Winter Snow Boots Woman Warm Wool Brown Boots Women's Bow Comfortable Shoes Ladies Cute Casual Fur Warm Booties,1005001997737464,https://ae01.alicdn.com/kf/H5c5f599a29e34549965cc2e60239cddcL/2020-Women-New-Winter-Snow-Boots-Woman-Warm-Wool-Brown-Boots-Women-s-Bow-Comfortable-Shoes.jpg_220x220.jpg,"https://ae04.alicdn.com/kf/H5c5f599a29e34549965cc2e60239cddcL.jpg,https://ae04.alicdn.com/kf/H7812df55ee9048758a3219faf19cb063Y.jpg,https://ae04.alicdn.com/kf/H7b31d6d8e81b4fe5a7a414e624abe6c0r.jpg,https://ae04.alicdn.com/kf/H41516782d5874fa5a7353a6d599b9b92v.jpg,https://ae04.alicdn.com/kf/H88b4b07cc74749d08e424660c166ec57D.jpg,",https://www.aliexpress.com/item/1005001997737464.html,42.54,,30.00%,2098-12-31,null%,https://s.click.aliexpress.com/e/_9y5Kga
Women's Shoes,200133142,Women Flat Snow Boots 2021 Winter New Fashion Warm Wool Wedges Mid-calf Boots Female Platform Slip-on Boots Ladies Shoes,1005001984752025,https://ae01.alicdn.com/kf/H7457c522741b48418ab147c9db88089dc/Women-Flat-Snow-Boots-2021-Winter-New-Fashion-Warm-Wool-Wedges-Mid-calf-Boots-Female-Platform.jpg_220x220.jpg,"https://ae04.alicdn.com/kf/H7457c522741b48418ab147c9db88089dc.jpg,https://ae04.alicdn.com/kf/H5b0060ceb9824a8eb7012b390333003a8.jpg,https://ae04.alicdn.com/kf/H47da566cf5184c67bdf0a75fd1acde3ed.jpg,https://ae04.alicdn.com/kf/He645656edd4c4127a5d597f002aaf781y.jpg,https://ae04.alicdn.com/kf/H9f0a7916cf2442e29b6b30cbdc8f2c975.jpg,",https://www.aliexpress.com/item/1005001984752025.html,63.35,32.94,30.00%,2098-12-31,48%,https://s.click.aliexpress.com/e/_Atthaw
Women's Shoes,200133142,Women Flat Mules 2021 New Spring Sexy Pointed Toe Crystal Shoes Female Fashion Purple Green Elegant Single Shoes Size 34-43,1005001989030185,https://ae01.alicdn.com/kf/H6f5e57239d6c46b383d536952686dc45X/Women-Flat-Mules-2021-New-Spring-Sexy-Pointed-Toe-Crystal-Shoes-Female-Fashion-Purple-Green-Elegant.jpg_220x220.jpg,"https://ae04.alicdn.com/kf/H6f5e57239d6c46b383d536952686dc45X.jpg,https://ae04.alicdn.com/kf/H37dabc4bb47e4941919c3a47cd6690e8l.jpg,https://ae04.alicdn.com/kf/H5db48ad683e249e8b8a5d6bad3726a8a1.jpg,https://ae04.alicdn.com/kf/H2359937dcb464d05acdc7a1375551c88t.jpg,https://ae04.alicdn.com/kf/Hce42cd2b420d4a5c93539fc91d43bb97O.jpg,",https://www.aliexpress.com/item/1005001989030185.html,60.98,31.71,30.00%,2098-12-31,48%,https://s.click.aliexpress.com/e/_9AinXU
Women's Shoes,200133142,New Autumn Casual Western Boots Women 2021 Leather Cowboy Ankle Boots Cossack Short Boots Female Middle Heel Shoes Botas,1005002001768768,https://ae01.alicdn.com/kf/H94cf703463f049d8b1f0188c26c528b2Q/New-Autumn-Casual-Western-Boots-Women-2021-Leather-Cowboy-Ankle-Boots-Cossack-Short-Boots-Female-Middle.jpg_220x220.jpg,"https://ae04.alicdn.com/kf/H94cf703463f049d8b1f0188c26c528b2Q.jpg,https://ae04.alicdn.com/kf/H85c66aab65194ac7839d1a88af9dc1e1G.jpg,https://ae04.alicdn.com/kf/H4571c40b876f48f5bc0d83791a917f48g.jpg,https://ae04.alicdn.com/kf/Heae6fb9f91cf4a58bff8eb51373e89ba9.jpg,https://ae04.alicdn.com/kf/H1517f87646a44525a377ea3216b05ea8D.jpg,",https://www.aliexpress.com/item/1005002001768768.html,63.21,32.87,30.00%,2098-12-31,48%,https://s.click.aliexpress.com/e/_AFIVuO
Women's Shoes,200133142,New 2021 Autumn Winter Leather Woman Shoes Female Short Boots Casual Handmade Lace Up Stretch Flats Round Toe Women's Warm Shoes,1005002002340291,https://ae01.alicdn.com/kf/Hd754a4c2c07246c8a599bfbf30ee343cQ/New-2021-Autumn-Winter-Leather-Woman-Shoes-Female-Short-Boots-Casual-Handmade-Lace-Up-Stretch-Flats.jpg_220x220.jpg,"https://ae04.alicdn.com/kf/Hd754a4c2c07246c8a599bfbf30ee343cQ.jpg,https://ae04.alicdn.com/kf/H74afc51d20af4349af7578247c77715c6.jpg,https://ae04.alicdn.com/kf/H818fcbcf61f4410d89e6ce48177d9ee68.jpg,https://ae04.alicdn.com/kf/Ha2d679ecd9244c4197064c312ce8dfcb3.jpg,https://ae04.alicdn.com/kf/H1ccc66bd29964521ad91b29ad3ec24a47.jpg,",https://www.aliexpress.com/item/1005002002340291.html,69.03,35.90,30.00%,2098-12-31,48%,https://s.click.aliexpress.com/e/_AWwyFs
Women's Shoes,200133142,Woman Marten Boots Female White Ankle Shoes 2021 New Autumn Winter Thick Sole Platform Lace-up Rivet Boots Lady Fashion,1005002001964289,https://ae01.alicdn.com/kf/Hdc981526ce0747f099f1c6cf6348f7365/Woman-Marten-Boots-Female-White-Ankle-Shoes-2021-New-Autumn-Winter-Thick-Sole-Platform-Lace-up.jpg_220x220.jpg,"https://ae04.alicdn.com/kf/Hdc981526ce0747f099f1c6cf6348f7365.jpg,https://ae04.alicdn.com/kf/Hde4212e3c0424ee2beddd16b9b6c2156x.jpg,https://ae04.alicdn.com/kf/Hbbc94aa72b85412aa6e6af314019a6a8V.jpg,https://ae04.alicdn.com/kf/H75c751d2b34a4043bcd808ca4e09ea3dt.jpg,https://ae04.alicdn.com/kf/H3d4956a58ef345a78930fef8378e8e5aQ.jpg,",https://www.aliexpress.com/item/1005002001964289.html,71.20,37.02,30.00%,2098-12-31,48%,https://s.click.aliexpress.com/e/_Ap2pTc
Women's Shoes,200133142,Sexy High Heel Shoes Autumn Winter New Short Zipper Martin Boots Rivet Belt Buckle Cross-tied Platform Boots 2021 Fashion,1005001987330539,https://ae01.alicdn.com/kf/Ha289ef89368845afbfc9e5fc97d92170N/Sexy-High-Heel-Shoes-Autumn-Winter-New-Short-Zipper-Martin-Boots-Rivet-Belt-Buckle-Cross-tied.jpg_220x220.jpg,"https://ae04.alicdn.com/kf/Ha289ef89368845afbfc9e5fc97d92170N.jpg,https://ae04.alicdn.com/kf/Hd4c1841a72524b0ab7e1f7008f500039A.jpg,https://ae04.alicdn.com/kf/H4da1f3aab913430dbdd10831451dc86cm.jpg,https://ae04.alicdn.com/kf/H2d89a90a0e324178a321ff28db1e05319.jpg,https://ae04.alicdn.com/kf/H7e264f629f7749eebe9378b06f0ddd69L.jpg,",https://www.aliexpress.com/item/1005001987330539.html,66.21,34.43,30.00%,2098-12-31,48%,https://s.click.aliexpress.com/e/_9xZN38
Women's Shoes,200133142,Women Thin Stiletto High Heels Boots Female Fashion Leopard High Heel Shoes Women's Over The Knee Boots Winter Sexy Long Boot,1005001942576444,https://ae01.alicdn.com/kf/Hd431d731b67641e6a9cc79fcc9e38227s/Women-Thin-Stiletto-High-Heels-Boots-Female-Fashion-Leopard-High-Heel-Shoes-Women-s-Over-The.jpg_220x220.jpg,"https://ae04.alicdn.com/kf/Hd431d731b67641e6a9cc79fcc9e38227s.jpg,https://ae04.alicdn.com/kf/H855db095ebf44cecaf8599cc8d139f9aO.jpg,https://ae04.alicdn.com/kf/He7935dc77fcb4543b699d61206d22224T.jpg,https://ae04.alicdn.com/kf/H842385ddc7ec40799fc7b2953b5bb93eA.jpg,https://ae04.alicdn.com/kf/H529507fe4d484714b784b5816320f4deJ.jpg,",https://www.aliexpress.com/item/1005001942576444.html,65.11,29.95,30.00%,2098-12-31,54%,https://s.click.aliexpress.com/e/_As9jUW
Women's Shoes,200133142,Women Ankle Boots 2021 New Winter Zipper Fringe Leather Chelsea Boots Female Fashion Low Heel Black Brown Short Shoes,1005001984298801,https://ae01.alicdn.com/kf/H91582026064946fa9b5f2155190672c40/Women-Ankle-Boots-2021-New-Winter-Zipper-Fringe-Leather-Chelsea-Boots-Female-Fashion-Low-Heel-Black.jpg_220x220.jpg,"https://ae04.alicdn.com/kf/H91582026064946fa9b5f2155190672c40.jpg,https://ae04.alicdn.com/kf/H3fd209b960bb49ca8f87e8e65878817bO.jpg,https://ae04.alicdn.com/kf/H32917b83d2c8421782a00b69db59c769k.jpg,https://ae04.alicdn.com/kf/Hab3ae2c997f246e5ad7a9db5a13dc684n.jpg,https://ae04.alicdn.com/kf/Hd4220fdf25e34c4280483730e5213d19O.jpg,",https://www.aliexpress.com/item/1005001984298801.html,62.84,32.68,30.00%,2098-12-31,48%,https://s.click.aliexpress.com/e/_AVVboA
Women's Shoes,200133142,New Black Chelsea Short Boots 2021 Spring Autumn Women Ankle Boots Metal Buckles Low Heels Shoes New Fashion Booties,1005002001868575,https://ae01.alicdn.com/kf/H4672304cf2eb44699a33a0fefdc8bc6aW/New-Black-Chelsea-Short-Boots-2021-Spring-Autumn-Women-Ankle-Boots-Metal-Buckles-Low-Heels-Shoes.jpg_220x220.jpg,"https://ae04.alicdn.com/kf/H4672304cf2eb44699a33a0fefdc8bc6aW.jpg,https://ae04.alicdn.com/kf/He389bd05dead48f9b021e3a42d0192fdr.jpg,https://ae04.alicdn.com/kf/Hfb577dbdf47b494f80faea0553c7ad04m.jpg,https://ae04.alicdn.com/kf/Hdd7e5c02685448b1a5896fd266d33a99R.jpg,https://ae04.alicdn.com/kf/Hb5a519e858264fb38fc97b52dc62fdc9b.jpg,",https://www.aliexpress.com/item/1005002001868575.html,61.95,32.21,30.00%,2098-12-31,48%,https://s.click.aliexpress.com/e/_A8qXjy
Women's Shoes,200133142,2021 Summer Women Chunky High Heels Sandals Ankle Cross Strap Female Round Toe V Shape Cover Heel Woman Pumps Party Dress Shoes,1005001997638892,https://ae01.alicdn.com/kf/H1d13e749657d4c9abd93d15951094caay/2021-Summer-Women-Chunky-High-Heels-Sandals-Ankle-Cross-Strap-Female-Round-Toe-V-Shape-Cover.jpg_220x220.jpg,"https://ae04.alicdn.com/kf/H1d13e749657d4c9abd93d15951094caay.jpg,https://ae04.alicdn.com/kf/Hcdc2e10aa8304ff3880b539ba7239753c.jpg,https://ae04.alicdn.com/kf/Heec9cedd31ee401ba334454eb25d0de54.jpg,https://ae04.alicdn.com/kf/He2b66854106a4c2fae854bb270879e49N.jpg,https://ae04.alicdn.com/kf/Hb1b64e20ba984859807b3e987ad00d50B.jpg,",https://www.aliexpress.com/item/1005001997638892.html,50.18,25.09,30.00%,2098-12-31,50%,https://s.click.aliexpress.com/e/_ApymRs
Women's Shoes,200133142,Women Winter Chelsea Boots 2021 Spring Autumn Basic Ankle Boots Female Round Toe Shoes Ladies Low Heels Booties Fashion Yellow,1005002002407023,https://ae01.alicdn.com/kf/Ha23df2ee1ee64966a3513cb7d848e946a/Women-Winter-Chelsea-Boots-2021-Spring-Autumn-Basic-Ankle-Boots-Female-Round-Toe-Shoes-Ladies-Low.jpg_220x220.jpg,"https://ae04.alicdn.com/kf/Ha23df2ee1ee64966a3513cb7d848e946a.jpg,https://ae04.alicdn.com/kf/Hd7e4d72cb877486a924c886e5a475325J.jpg,https://ae04.alicdn.com/kf/H779c1a81198443bea929cbc64878ef8e1.jpg,https://ae04.alicdn.com/kf/Hd7c23d01f3864a4b8610278edf4002b5w.jpg,https://ae04.alicdn.com/kf/Ha81fdbcac4424fb39c51214ddf8fbee8U.jpg,",https://www.aliexpress.com/item/1005002002407023.html,59.29,30.83,30.00%,2098-12-31,48%,https://s.click.aliexpress.com/e/_AWoQ9c
Women's Shoes,200133142,Women Sexy Thin Heels Shoes Summer Snakeskin Pattern Pumps Belt Combination Roman Female Lace Up Sandals 2021 New Fashion,1005001998130766,https://ae01.alicdn.com/kf/H9d2c9aec65c94b4ab62ac2839a61a2520/Women-Sexy-Thin-Heels-Shoes-Summer-Snakeskin-Pattern-Pumps-Belt-Combination-Roman-Female-Lace-Up-Sandals.jpg_220x220.jpg,"https://ae04.alicdn.com/kf/H9d2c9aec65c94b4ab62ac2839a61a2520.jpg,https://ae04.alicdn.com/kf/Hb93b0fbe39234039bba2826bcb67d3eeq.jpg,https://ae04.alicdn.com/kf/H30131977043f4394a885bf26a8937e7aX.jpg,https://ae04.alicdn.com/kf/H8b34d7541c3b4f92a194f5a161fda34b5.jpg,https://ae04.alicdn.com/kf/H3888b5fa9c794991bb45d6a48217d81aT.jpg,",https://www.aliexpress.com/item/1005001998130766.html,61.42,30.71,30.00%,2098-12-31,50%,https://s.click.aliexpress.com/e/_AdeR5o
Women's Shoes,200133142,2021 Fashion Women Ballet Flats Shoes Slip On Pointed Toe Ladies Casual Shoes Shoes For Woman Office Ladies Black Flat Shoes,1005001971154077,https://ae01.alicdn.com/kf/H83ab59536ee44764af71cd454d6104dfX/2021-Fashion-Women-Ballet-Flats-Shoes-Slip-On-Pointed-Toe-Ladies-Casual-Shoes-Shoes-For-Woman.jpg_220x220.jpg,"https://ae04.alicdn.com/kf/H83ab59536ee44764af71cd454d6104dfX.jpg,https://ae04.alicdn.com/kf/H27d16f2b2c7d49e7a1cd36209ddf41c8R.jpg,https://ae04.alicdn.com/kf/Hf908711abec648d3938b1ec58a8a3e21k.jpg,https://ae04.alicdn.com/kf/H6243eecacde142dcb06c93306a07002eA.jpg,https://ae04.alicdn.com/kf/H9703cb1b4aee48b9954d6f3d6d6a61a0S.jpg,",https://www.aliexpress.com/item/1005001971154077.html,41.61,19.56,30.00%,2098-12-31,53%,https://s.click.aliexpress.com/e/_A0FrWE
Women's Shoes,200133142,Women Sexy Thin High Heels Shoes Summer Flock Pumps Belt Buckle Open-toed Sandals Party Shoes 2021 New Fashion,1005001985271181,https://ae01.alicdn.com/kf/H6a8ca7bd099e49ea8959f2aac022e03cN/Women-Sexy-Thin-High-Heels-Shoes-Summer-Flock-Pumps-Belt-Buckle-Open-toed-Sandals-Party-Shoes.jpg_220x220.jpg,"https://ae04.alicdn.com/kf/H6a8ca7bd099e49ea8959f2aac022e03cN.jpg,https://ae04.alicdn.com/kf/H29bdfc7dcff04900b1f9dd55135523feL.jpg,https://ae04.alicdn.com/kf/H9af1246a90de40c98e973e86d0c308e4q.jpg,https://ae04.alicdn.com/kf/Hf3685f7d086c439c8dcf0c871bf66a3aj.jpg,https://ae04.alicdn.com/kf/H8668af4e6b964ea88b4166e398b6d43aZ.jpg,",https://www.aliexpress.com/item/1005001985271181.html,54.50,28.34,30.00%,2098-12-31,48%,https://s.click.aliexpress.com/e/_9fOldu
Women's Shoes,200133142,2021 Sexy Over The Knee Long Boots Women High Heels Lace-up Shoes Ladies Suede Thigh High Boots Female Winter Boot Plus Size 43,1005001966999361,https://ae01.alicdn.com/kf/H034226236a6045aa948db0d7efc3477dX/2021-Sexy-Over-The-Knee-Long-Boots-Women-High-Heels-Lace-up-Shoes-Ladies-Suede-Thigh.jpg_220x220.jpg,"https://ae04.alicdn.com/kf/H034226236a6045aa948db0d7efc3477dX.jpg,https://ae04.alicdn.com/kf/Hffe085d58a034853bf0b839424fcc1e0g.jpg,https://ae04.alicdn.com/kf/H017a6c54a37a496c91ae22e1dd54984c9.jpg,https://ae04.alicdn.com/kf/H7e6e0237522042939d4388752b279c50P.jpg,https://ae04.alicdn.com/kf/Hab33e415c02a44d58c8c1c28c3c2ed2da.jpg,",https://www.aliexpress.com/item/1005001966999361.html,68.18,30.00,30.00%,2098-12-31,56%,https://s.click.aliexpress.com/e/_ABerWi
Women's Shoes,200133142,2021 Sexy High Heels Over The Knee Boots Women Patent Leather Shoes Thigh High Boots Winter Female Long Boot Plus Size 43,1005001967610162,https://ae01.alicdn.com/kf/Hccb21a772fbc47c598d1a0d06df23a47m/2021-Sexy-High-Heels-Over-The-Knee-Boots-Women-Patent-Leather-Shoes-Thigh-High-Boots-Winter.jpg_220x220.jpg,"https://ae04.alicdn.com/kf/Hccb21a772fbc47c598d1a0d06df23a47m.jpg,https://ae04.alicdn.com/kf/Hd7377d0b0c824d02ae92bd9312642af2h.jpg,https://ae04.alicdn.com/kf/H7b0ebb2dd1f7486db24dac81d71f6066B.jpg,https://ae04.alicdn.com/kf/H932edf7708184d9abe79f32811d68bfaz.jpg,https://ae04.alicdn.com/kf/H806d73ac06d9431cb3199baa35e107de3.jpg,",https://www.aliexpress.com/item/1005001967610162.html,97.81,41.08,30.00%,2098-12-31,58%,https://s.click.aliexpress.com/e/_ASE9J8
Women's Shoes,200133142,Women's Snow Boots Women 2021 Winter Warm Long Boots Female Non-slip Waterproof Shoes Plus Size 44 Ladies Winter Platform Boots,1005001998075371,https://ae01.alicdn.com/kf/H36599eed7e57467a9e6d5a5d230c5f4ep/Women-s-Snow-Boots-Women-2021-Winter-Warm-Long-Boots-Female-Non-slip-Waterproof-Shoes-Plus.jpg_220x220.jpg,"https://ae04.alicdn.com/kf/H36599eed7e57467a9e6d5a5d230c5f4ep.jpg,https://ae04.alicdn.com/kf/Hf815ceeb36944a98894bc7ae7e3fa514J.jpg,https://ae04.alicdn.com/kf/H3b8fa642f7104060ba8c93aa932925ffl.jpg,https://ae04.alicdn.com/kf/H0077abb30b064dc7bdc6a11a243449853.jpg,https://ae04.alicdn.com/kf/H4cc948afdd58480fb3683d6191f62937U.jpg,",https://www.aliexpress.com/item/1005001998075371.html,60.31,,30.00%,2098-12-31,null%,https://s.click.aliexpress.com/e/_9hNTrM
Women's Shoes,200133142,Women's Western Short Boots Women Embroidered Round Toe Shoes Thick Heel Boots 2021 New Winter Black Brown Vintage Cowboy Boots,1005001998823349,https://ae01.alicdn.com/kf/H2e066c1b2ae740d8ad41c1b19aefbc204/Women-s-Western-Short-Boots-Women-Embroidered-Round-Toe-Shoes-Thick-Heel-Boots-2021-New-Winter.jpg_220x220.jpg,"https://ae04.alicdn.com/kf/H2e066c1b2ae740d8ad41c1b19aefbc204.jpg,https://ae04.alicdn.com/kf/H274607274102416b8764c35132b912185.jpg,https://ae04.alicdn.com/kf/Hd715e50c3a384e27b687848252954a09X.jpg,https://ae04.alicdn.com/kf/H4a869eb074904192a455b48592a2c7ebR.jpg,https://ae04.alicdn.com/kf/H8c12a3f82d5e4683905cb644fe01f0e39.jpg,",https://www.aliexpress.com/item/1005001998823349.html,62.30,,30.00%,2098-12-31,null%,https://s.click.aliexpress.com/e/_9gBYMi
Women's Shoes,200133142,Women's Shoes Winter 2021 New Fashion Knee High Heels Increased Female Boots Sexy Pointed Toe Leather Platform Knights Bootas,1005002001407405,https://ae01.alicdn.com/kf/Hd30fc14646d94498b981d2ff42779584n/Women-s-Shoes-Winter-2021-New-Fashion-Knee-High-Heels-Increased-Female-Boots-Sexy-Pointed-Toe.jpg_220x220.jpg,"https://ae04.alicdn.com/kf/Hd30fc14646d94498b981d2ff42779584n.jpg,https://ae04.alicdn.com/kf/H42b9e60af80d4e15a1865b0cb95ad646F.jpg,https://ae04.alicdn.com/kf/H13652eec03fc4899a54a2e06f6cde4d2R.jpg,https://ae04.alicdn.com/kf/He2694f9ce2d941d9b69a29b6cd7c56c1b.jpg,https://ae04.alicdn.com/kf/Hd15337cffc97455381fbb9b346b886594.jpg,",https://www.aliexpress.com/item/1005002001407405.html,88.77,,30.00%,2098-12-31,null%,https://s.click.aliexpress.com/e/_A3xV2w
Women's Shoes,200133142,Women's Fashion Shoes 2021 New Pointed Toe Sexy Leather Winter Knee High Heels Buckle Female Warm Zipper Ladies Stretch Botas,1005001999150266,https://ae01.alicdn.com/kf/H2df0c3c395dc45549d6d22910924f747U/Women-s-Fashion-Shoes-2021-New-Pointed-Toe-Sexy-Leather-Winter-Knee-High-Heels-Buckle-Female.jpg_220x220.jpg,"https://ae04.alicdn.com/kf/H2df0c3c395dc45549d6d22910924f747U.jpg,https://ae04.alicdn.com/kf/H6e5ddb5270a84490956932e8d606d134I.jpg,https://ae04.alicdn.com/kf/H8034b2c156d14a9daa89cd62158b98a8x.jpg,https://ae04.alicdn.com/kf/H61fab7edb6b04eaa919fe36ce4601ca2D.jpg,https://ae04.alicdn.com/kf/H7318fc67a418485da300bf4af51af9f3h.jpg,",https://www.aliexpress.com/item/1005001999150266.html,92.15,,30.00%,2098-12-31,null%,https://s.click.aliexpress.com/e/_9ghVvC
Women's Shoes,200133142,2021 New Sexy Pointed Toe Elastic Boots Women Fashion Woman Crystal Shoes Autumn Ladies Mid Calf Boots Female Winter High Heels,1005001998514687,https://ae01.alicdn.com/kf/Hf9e8040d97534709a5af9075cec71118D/2021-New-Sexy-Pointed-Toe-Elastic-Boots-Women-Fashion-Woman-Crystal-Shoes-Autumn-Ladies-Mid-Calf.jpg_220x220.jpg,"https://ae04.alicdn.com/kf/Hf9e8040d97534709a5af9075cec71118D.jpg,https://ae04.alicdn.com/kf/Hef361736d7024c2d93965a0e7d2f8371U.jpg,https://ae04.alicdn.com/kf/Hb2085aba8e3e4239b1bad3d77aab8f25J.jpg,https://ae04.alicdn.com/kf/Hbad2253110bc4d21960697bf9620d526s.jpg,https://ae04.alicdn.com/kf/H783b0eb7034543e1bc843376903bb68cY.jpg,",https://www.aliexpress.com/item/1005001998514687.html,81.34,,30.00%,2098-12-31,null%,https://s.click.aliexpress.com/e/_AKbmtG
Women's Shoes,200133142,Women's Shoes 2021 Summer Fashion Female Super High Heels Sandals Leisure Non Slip Ladies Sexy Buckle Platform Simple Work Shoes,1005002007639185,https://ae01.alicdn.com/kf/H01a0db17a5874bd98067c3c2ed5278d0b/Women-s-Shoes-2021-Summer-Fashion-Female-Super-High-Heels-Sandals-Leisure-Non-Slip-Ladies-Sexy.jpg_220x220.jpg,"https://ae04.alicdn.com/kf/H01a0db17a5874bd98067c3c2ed5278d0b.jpg,https://ae04.alicdn.com/kf/Hcc008a54141d4aa98205b3062728ad3eI.jpg,https://ae04.alicdn.com/kf/Hbe13d4e2bd764480810220d99398e99fF.jpg,https://ae04.alicdn.com/kf/Hae324b5669a94d1489a61b11c8eda027d.jpg,https://ae04.alicdn.com/kf/H61ff0a2c8eca4157a3d476bd172ccc23y.jpg,",https://www.aliexpress.com/item/1005002007639185.html,59.68,,30.00%,2098-12-31,null%,https://s.click.aliexpress.com/e/_9IJnaa
Women's Shoes,200133142,2021 New Fashion Classic Rain Boots Women Middle Tube Locomotive Boots Female Non Slip Rain Buckle Rain Woman Soft Bottom Shoes,1005002001506878,https://ae01.alicdn.com/kf/H792e8e2bd0e540b49dae81f52422426b8/2021-New-Fashion-Classic-Rain-Boots-Women-Middle-Tube-Locomotive-Boots-Female-Non-Slip-Rain-Buckle.jpg_220x220.jpg,"https://ae04.alicdn.com/kf/H792e8e2bd0e540b49dae81f52422426b8.jpg,https://ae04.alicdn.com/kf/H1e32c9dc9cca43a7ba29472275edc5faw.jpg,https://ae04.alicdn.com/kf/H236fbd847616407fb15da958469e1ad2N.jpg,https://ae04.alicdn.com/kf/H62128791f3914bccb366120d10506915l.jpg,https://ae04.alicdn.com/kf/H50549b1f55de4d4880aeaa79d5484e4cl.jpg,",https://www.aliexpress.com/item/1005002001506878.html,83.14,,30.00%,2098-12-31,null%,https://s.click.aliexpress.com/e/_AlFQ98
Women's Shoes,200133142,2021 Summer New High Heeled Sandals Women's One Line Strap Sexy Thin Heeled Waterproof Platform High Heeled Shoes,1005002007863201,https://ae01.alicdn.com/kf/H8e41e7368e1540cfbedf6704494e2de0c/2021-Summer-New-High-Heeled-Sandals-Women-s-One-Line-Strap-Sexy-Thin-Heeled-Waterproof-Platform.jpg_220x220.jpg,"https://ae04.alicdn.com/kf/H8e41e7368e1540cfbedf6704494e2de0c.jpg,https://ae04.alicdn.com/kf/H502296f7b16b4751919f562831504add8.jpg,https://ae04.alicdn.com/kf/Hf5430f9474964886b05233624f3cc304C.jpg,https://ae04.alicdn.com/kf/Hdfbf96a360794e78875c2dafeff0ef783.jpg,",https://www.aliexpress.com/item/1005002007863201.html,68.53,,30.00%,2098-12-31,null%,https://s.click.aliexpress.com/e/_AYoqQW
Women's Shoes,200133142,Women's Winter Long Boots Women 2021 Fashion Thick Heel High Heel Shoes Suede Sexy Sock Boots Female Black Over The Knee Boot,1005001998379987,https://ae01.alicdn.com/kf/Hdbd16f45cddb42ea93db8accfb5f69d1p/Women-s-Winter-Long-Boots-Women-2021-Fashion-Thick-Heel-High-Heel-Shoes-Suede-Sexy-Sock.jpg_220x220.jpg,"https://ae04.alicdn.com/kf/Hdbd16f45cddb42ea93db8accfb5f69d1p.jpg,https://ae04.alicdn.com/kf/H17e01f62b0214c10a02e36d27827cf0be.jpg,https://ae04.alicdn.com/kf/H214ff3e63fd4431c96dc4846bc1d6a0fP.jpg,https://ae04.alicdn.com/kf/H3c5d746574ba4b93998e4852b12cbe79R.png,https://ae04.alicdn.com/kf/H23bf08ad936842ec88d9ca7acbf45fe1B.jpg,",https://www.aliexpress.com/item/1005001998379987.html,73.29,,30.00%,2098-12-31,null%,https://s.click.aliexpress.com/e/_9Q4hbU
Women's Shoes,200133142,2021 Winter Sexy Western Boots Women Retro Leather Knee High Boots Pointed Toe Mid Heels Shoes Fashion Female Temperament Boots,1005001998943192,https://ae01.alicdn.com/kf/H318995af79fc4f65ac7d5de33071ab2cF/2021-Winter-Sexy-Western-Boots-Women-Retro-Leather-Knee-High-Boots-Pointed-Toe-Mid-Heels-Shoes.jpg_220x220.jpg,"https://ae04.alicdn.com/kf/H318995af79fc4f65ac7d5de33071ab2cF.jpg,https://ae04.alicdn.com/kf/H4a7228f5c1144f6fa191c3e6e4917363O.jpg,https://ae04.alicdn.com/kf/Hb5f67c2d6b78478db5755c29641a925cR.jpg,https://ae04.alicdn.com/kf/H59a705632393460caa5c774beaea0967s.jpg,https://ae04.alicdn.com/kf/H6225dc30ab0e4e43a0dff286154ed0337.jpg,",https://www.aliexpress.com/item/1005001998943192.html,69.83,,30.00%,2098-12-31,null%,https://s.click.aliexpress.com/e/_ALtD4O
Women's Shoes,200133142,2021 New Autumn Winter Flat Heels Woman Ankle Boots Non Slip Round Toe Booties Fashion Lace Up Shoes Warm Fur Female Solid Boots,1005001998242020,https://ae01.alicdn.com/kf/Hef3c16e56997470ea0245f96e33f780eS/2021-New-Autumn-Winter-Flat-Heels-Woman-Ankle-Boots-Non-Slip-Round-Toe-Booties-Fashion-Lace.jpg_220x220.jpg,"https://ae04.alicdn.com/kf/Hef3c16e56997470ea0245f96e33f780eS.jpg,https://ae04.alicdn.com/kf/H9b157ad7156a4451b9a0d96b8b6b8f98B.jpg,https://ae04.alicdn.com/kf/H064cd7210a0a410ca24ded7e89952d75j.jpg,https://ae04.alicdn.com/kf/H985219b2941c48b8bf41fc9c8b76a5a4B.jpg,https://ae04.alicdn.com/kf/Hb1fe86131ba24e00b59904e5d80c8a3bQ.jpg,",https://www.aliexpress.com/item/1005001998242020.html,79.59,,30.00%,2098-12-31,null%,https://s.click.aliexpress.com/e/_Atrox0
Women's Shoes,200133142,Sexy Thin High Heel Ankle Boots Women Fashion Mixed Color Shiny Suede Zipper Square Short Boots Female 2021 Autumn New Shoes,1005001997566906,https://ae01.alicdn.com/kf/He2b0ad5f2c4448e5a5b1a73aab7a4383u/Sexy-Thin-High-Heel-Ankle-Boots-Women-Fashion-Mixed-Color-Shiny-Suede-Zipper-Square-Short-Boots.jpg_220x220.jpg,"https://ae04.alicdn.com/kf/He2b0ad5f2c4448e5a5b1a73aab7a4383u.jpg,https://ae04.alicdn.com/kf/Hee12310b6acf4337b9fa1a378335c2003.jpg,https://ae04.alicdn.com/kf/H1aaab59dcf8a46c7a5a3072e35561d12V.jpg,https://ae04.alicdn.com/kf/Ha29a6b6aab9a43a29062f60bb26039cfV.jpg,https://ae04.alicdn.com/kf/H87a5335d15044acbad7af532f81878e8A.jpg,",https://www.aliexpress.com/item/1005001997566906.html,78.53,,30.00%,2098-12-31,null%,https://s.click.aliexpress.com/e/_9fL6QO
Women's Shoes,200133142,Women's Ankle Boots Women 2021 New Leather Short Boots Fashion Pointed Toe Zipper High-heels Shoes Female White Autumn Booties,1005001998084223,https://ae01.alicdn.com/kf/H5be983a0dc0143998797f416010ac70f2/Women-s-Ankle-Boots-Women-2021-New-Leather-Short-Boots-Fashion-Pointed-Toe-Zipper-High-heels.jpg_220x220.jpg,"https://ae04.alicdn.com/kf/H5be983a0dc0143998797f416010ac70f2.jpg,https://ae04.alicdn.com/kf/H68ec606a617f4d1c83c43755642d1dc4V.jpg,https://ae04.alicdn.com/kf/H54c5ce533bb343fcad7ada149d3749071.jpg,https://ae04.alicdn.com/kf/Hed80ea899fe549f193ad30e3e3a24dabp.jpg,https://ae04.alicdn.com/kf/H50c4f13f48da4c68a17b078cc87e5b9fG.jpg,",https://www.aliexpress.com/item/1005001998084223.html,68.50,,30.00%,2098-12-31,null%,https://s.click.aliexpress.com/e/_AdAM8E
Women's Shoes,200133142,Women's Sexy Shoes 2021 Winter Warm Fur Pointed Toe High Heels Female Boots Fashion New Western Stretch Mid Calf Woman Leopard,1005001999385253,https://ae01.alicdn.com/kf/H78644513b22b4a6da0cb37a454a3954ew/Women-s-Sexy-Shoes-2021-Winter-Warm-Fur-Pointed-Toe-High-Heels-Female-Boots-Fashion-New.jpg_220x220.jpg,"https://ae04.alicdn.com/kf/H78644513b22b4a6da0cb37a454a3954ew.jpg,https://ae04.alicdn.com/kf/H9ad5dbfa1faa4067a8ada3c6ef1cb0d8l.jpg,https://ae04.alicdn.com/kf/H1e2d4f27647a410bb070e584b8c9f328q.jpg,https://ae04.alicdn.com/kf/H2b0e554dc86b4dba8c7db531440f8783h.jpg,https://ae04.alicdn.com/kf/H0ba85d57a9854201a4f2050ed7e6ac93b.jpg,",https://www.aliexpress.com/item/1005001999385253.html,62.30,,30.00%,2098-12-31,null%,https://s.click.aliexpress.com/e/_AFECqA
Women's Shoes,200133142,2021 New Winter Fashion Sexy Women Boots Slimming Lace Thin Heels Female Shoes Pointed Toe Mesh Woman Western Warm Ankle Booties,1005001997282347,https://ae01.alicdn.com/kf/H3cba109c457b4db6adf809e621ea95c8t/2021-New-Winter-Fashion-Sexy-Women-Boots-Slimming-Lace-Thin-Heels-Female-Shoes-Pointed-Toe-Mesh.jpg_220x220.jpg,"https://ae04.alicdn.com/kf/H3cba109c457b4db6adf809e621ea95c8t.jpg,https://ae04.alicdn.com/kf/Hc0fbf689c335434dbf85c8fe509f4824A.jpg,https://ae04.alicdn.com/kf/H226e32b66c434dffa1a5a5aabe590792N.jpg,https://ae04.alicdn.com/kf/H10e346c2ee0f40c6b6ffda3a4a7a0920l.jpg,https://ae04.alicdn.com/kf/Hb38e185797fd494695f3f4b5a65b4e0eY.jpg,",https://www.aliexpress.com/item/1005001997282347.html,62.30,,30.00%,2098-12-31,null%,https://s.click.aliexpress.com/e/_AWmOXY
Women's Shoes,200133142,2021 Winter Leather Ankle Boots Women Flat Non-slip Warm Shoes Round Toe Platform Chelsea Short Boots New Female Fashion Booties,1005001998232231,https://ae01.alicdn.com/kf/H7ed69b07ca884d5aac5a7745942b33a5J/2021-Winter-Leather-Ankle-Boots-Women-Flat-Non-slip-Warm-Shoes-Round-Toe-Platform-Chelsea-Short.jpg_220x220.jpg,"https://ae04.alicdn.com/kf/H7ed69b07ca884d5aac5a7745942b33a5J.jpg,https://ae04.alicdn.com/kf/H930400084f1942f599570be96f369e4bq.jpg,https://ae04.alicdn.com/kf/H34b5eae1eef34b04a69fc5c92c65f615L.jpg,https://ae04.alicdn.com/kf/Hb0c06c7d49f14b4d88b8ce1a92501ed41.jpg,https://ae04.alicdn.com/kf/Hb65a10d5f97c402a9eac8e7914ee7fc7O.jpg,",https://www.aliexpress.com/item/1005001998232231.html,62.41,,30.00%,2098-12-31,null%,https://s.click.aliexpress.com/e/_9y2u6W
Women's Shoes,200133142,2021 New Women's Spring Summer Non-slip Sandals Soft Sole Sexy Sandals Ladies Outdoor Beach Sandals Fashion Crystal High Heels,1005002002382869,https://ae01.alicdn.com/kf/H2ee1768d57de42cfa9624a7c54843740Y/2021-New-Women-s-Spring-Summer-Non-slip-Sandals-Soft-Sole-Sexy-Sandals-Ladies-Outdoor-Beach.jpg_220x220.jpg,"https://ae04.alicdn.com/kf/H2ee1768d57de42cfa9624a7c54843740Y.jpg,https://ae04.alicdn.com/kf/H32e9edfbe61e4694abbcd7e8d1f40cacY.jpg,https://ae04.alicdn.com/kf/Hf5273e3f8b394314a3488eba5557d02bV.jpg,https://ae04.alicdn.com/kf/H58307d45ffc04b2da483c4b824298daei.jpg,https://ae04.alicdn.com/kf/H139f698e273044a2949bcac99f6fc8a8Z.jpg,",https://www.aliexpress.com/item/1005002002382869.html,44.86,,30.00%,2098-12-31,null%,https://s.click.aliexpress.com/e/_AlHyka
Women's Shoes,200133142,Over The Knee High Boots Women 2021 Winter Long Sock Boots Pointed Thick Heel High Heels Shoes Autumn Ladies Black Sexy Boots,1005001998924480,https://ae01.alicdn.com/kf/H0237a6be362c465cb60e2b8a71921087V/Over-The-Knee-High-Boots-Women-2021-Winter-Long-Sock-Boots-Pointed-Thick-Heel-High-Heels.jpg_220x220.jpg,"https://ae04.alicdn.com/kf/H0237a6be362c465cb60e2b8a71921087V.jpg,https://ae04.alicdn.com/kf/Hc5a45449349249b9933eb715baf0cde2z.jpg,https://ae04.alicdn.com/kf/H6957fe2146c04cd0803285dc6190a47d0.jpg,https://ae04.alicdn.com/kf/Hd535f1ee96c143edbbe62dbc31be5ee3R.jpg,https://ae04.alicdn.com/kf/H0d333a9f5b6640fc83a8d215c95d60c7u.jpg,",https://www.aliexpress.com/item/1005001998924480.html,84.43,43.90,30.00%,2098-12-31,48%,https://s.click.aliexpress.com/e/_AYw4Mw
Women's Shoes,200133142,2021 New Winter Fashion Women's Shoes Temperament Square Toe Female Boots Mid Calf  Warm Fur Non-slip Work Zipper Woman Booties,1005001998141525,https://ae01.alicdn.com/kf/H4e773a1ef7024f78a9c9ebc72584b87cX/2021-New-Winter-Fashion-Women-s-Shoes-Temperament-Square-Toe-Female-Boots-Mid-Calf-Warm-Fur.jpg_220x220.jpg,"https://ae04.alicdn.com/kf/H4e773a1ef7024f78a9c9ebc72584b87cX.jpg,https://ae04.alicdn.com/kf/Hb0e0b752840540eb9efd79c21151ef33I.jpg,https://ae04.alicdn.com/kf/Had951bb15db84c9a82251049887d3772T.jpg,https://ae04.alicdn.com/kf/Hb6f560eb526a4d9ea182f8e4e0b69fceB.jpg,https://ae04.alicdn.com/kf/H6bba774e8cc044708cd05bbdb4e6d079W.jpg,",https://www.aliexpress.com/item/1005001998141525.html,62.84,,30.00%,2098-12-31,null%,https://s.click.aliexpress.com/e/_Af7vaE
Women's Shoes,200133142,2021 Winter New Martin Boots Thick Heels Waterproof Platform Metal Decorative Women's Shoes Short Fur Warm Woman Ankle Booties,1005002001748809,https://ae01.alicdn.com/kf/H9cac0a5d84e149f48bb3b34fee84027cL/2021-Winter-New-Martin-Boots-Thick-Heels-Waterproof-Platform-Metal-Decorative-Women-s-Shoes-Short-Fur.jpg_220x220.jpg,"https://ae04.alicdn.com/kf/H9cac0a5d84e149f48bb3b34fee84027cL.jpg,https://ae04.alicdn.com/kf/H7ebc8186d18448c4a3ce5a148a83d2dcT.jpg,https://ae04.alicdn.com/kf/Hcdde4bab7b464a4fa17059172aa43ad9I.jpg,https://ae04.alicdn.com/kf/H9099576cf0944cda8e67a289f25d23a4T.jpg,https://ae04.alicdn.com/kf/H730708719a3e4233aa2bd8029fdb16afj.jpg,",https://www.aliexpress.com/item/1005002001748809.html,57.40,,30.00%,2098-12-31,null%,https://s.click.aliexpress.com/e/_AXUtS2
Women's Shoes,200133142,Women Knee High Boots Fashion Leather Lace Up Denim Zip Belt Buckle Low Heel Round Toe Boots Female Long Shoes 2021 Winter,1005001998516138,https://ae01.alicdn.com/kf/H643f3385be7a459c9f2a1c96bbd534f59/Women-Knee-High-Boots-Fashion-Leather-Lace-Up-Denim-Zip-Belt-Buckle-Low-Heel-Round-Toe.jpg_220x220.jpg,"https://ae04.alicdn.com/kf/H643f3385be7a459c9f2a1c96bbd534f59.jpg,https://ae04.alicdn.com/kf/H004edb7d415741f0a82437ac79838a9eV.jpg,https://ae04.alicdn.com/kf/H9ab68b4774234cb6933d0d7f1d8e7443Y.jpg,https://ae04.alicdn.com/kf/Ha304f1ef539845a7a03f8777b0d59bafJ.jpg,https://ae04.alicdn.com/kf/H6b666c4e15394af4a1f9dcd7438a3d6fe.jpg,",https://www.aliexpress.com/item/1005001998516138.html,56.82,,30.00%,2098-12-31,null%,https://s.click.aliexpress.com/e/_9zYjVo
Women's Shoes,200133142,Women Long Boots Low Heels Knee-High Black Brown Boots female Fashion Zipper Western Botas Shoes Ladies Winter Plus Size 35-43,1005001998142444,https://ae01.alicdn.com/kf/H1dd972bea7e44f5ca67cb9fc52931d16Z/Women-Long-Boots-Low-Heels-Knee-High-Black-Brown-Boots-female-Fashion-Zipper-Western-Botas-Shoes.jpg_220x220.jpg,"https://ae04.alicdn.com/kf/H1dd972bea7e44f5ca67cb9fc52931d16Z.jpg,https://ae04.alicdn.com/kf/He7c5d19176f24408881899a93a4370ac8.jpg,https://ae04.alicdn.com/kf/H59eafc0ba6094295a8cc0b7e07b382304.jpg,https://ae04.alicdn.com/kf/Hb946b95d3fa34ff3954872d1f6de9da1I.jpg,https://ae04.alicdn.com/kf/H3181549acad54f2f80604c0e6c2048f8o.jpg,",https://www.aliexpress.com/item/1005001998142444.html,66.67,,30.00%,2098-12-31,null%,https://s.click.aliexpress.com/e/_AK9FIE
Women's Shoes,200133142,2021 New Winter Fashion Women Boots Square Toe Female Booties Med Heels Woman Shoes  Zipper Work Ladies Cowhide Fur Short Boots,1005001997958817,https://ae01.alicdn.com/kf/H1a36a8e917b64fdda74a515d82d335709/2021-New-Winter-Fashion-Women-Boots-Square-Toe-Female-Booties-Med-Heels-Woman-Shoes-Zipper-Work.jpg_220x220.jpg,"https://ae04.alicdn.com/kf/H1a36a8e917b64fdda74a515d82d335709.jpg,https://ae04.alicdn.com/kf/H8de19240cd2e4825938edb5ad05045eae.jpg,https://ae04.alicdn.com/kf/H381b0e1992814a15aaeb2d33c0eec3d9V.jpg,https://ae04.alicdn.com/kf/H730a68a09a3242e4a7d5d69eca2b7c47G.jpg,https://ae04.alicdn.com/kf/H23dc487d619949a5b9b60903d2ad6f55Z.jpg,",https://www.aliexpress.com/item/1005001997958817.html,63.30,,30.00%,2098-12-31,null%,https://s.click.aliexpress.com/e/_AARxTG
Women's Shoes,200133142,2021 New Winter Boots Women Short Boots Square Toe Thin Heels Shoes Women Ankle Boots Woman Warm Non-slip Black Women Booties,1005001997982335,https://ae01.alicdn.com/kf/H24194300947247e791844537cd136640c/2021-New-Winter-Boots-Women-Short-Boots-Square-Toe-Thin-Heels-Shoes-Women-Ankle-Boots-Woman.jpg_220x220.jpg,"https://ae04.alicdn.com/kf/H24194300947247e791844537cd136640c.jpg,https://ae04.alicdn.com/kf/H914e192ce44b4a07a2af95d09b951ac13.jpg,https://ae04.alicdn.com/kf/H46531740f5e44334b4f25a990d489a7eH.jpg,https://ae04.alicdn.com/kf/Hcfac6e801a804af4b2150ce4b538877a6.jpg,https://ae04.alicdn.com/kf/H56fc9be0b8ef4a91901d2c60b59ed880E.jpg,",https://www.aliexpress.com/item/1005001997982335.html,58.91,,30.00%,2098-12-31,null%,https://s.click.aliexpress.com/e/_A1OgLs
Women's Shoes,200133142,2021 Winter New Women Shoes Pointed Toe Over The Knee Woman Long  Boots Warm Fur Fashion Female Boots Low Heels Black Sock Boots,1005001951990669,https://ae01.alicdn.com/kf/H0447c3cd55df464f90c7e95e72ba4036A/2021-Winter-New-Women-Shoes-Pointed-Toe-Over-The-Knee-Woman-Long-Boots-Warm-Fur-Fashion.jpg_220x220.jpg,"https://ae04.alicdn.com/kf/H0447c3cd55df464f90c7e95e72ba4036A.jpg,https://ae04.alicdn.com/kf/Hd30e41b333d14781bd6c58fe3d755340X.jpg,https://ae04.alicdn.com/kf/H14ab479d427044008ba096df08ed47377.jpg,https://ae04.alicdn.com/kf/H1433764757674cf9a89dfa4537cd5fecY.jpg,https://ae04.alicdn.com/kf/H4a91e40ec9064949819762d4326637b6Z.jpg,",https://www.aliexpress.com/item/1005001951990669.html,71.33,37.09,30.00%,2098-12-31,48%,https://s.click.aliexpress.com/e/_9JTkOq
Women's Shoes,200133142,2021 Women Thin High Heels Short Boots Autumn Winter Fashion Black Ankle Boots Female Fashion High Quality Zipper Booties,1005001997673316,https://ae01.alicdn.com/kf/Ha16b76a3d7534080898ecb4a15b6e63b9/2021-Women-Thin-High-Heels-Short-Boots-Autumn-Winter-Fashion-Black-Ankle-Boots-Female-Fashion-High.jpg_220x220.jpg,"https://ae04.alicdn.com/kf/Ha16b76a3d7534080898ecb4a15b6e63b9.jpg,https://ae04.alicdn.com/kf/H60a7d440dbb44480918ff4b47d3d09d4a.jpg,https://ae04.alicdn.com/kf/H8e060fd766d14a7dacd47e372852fcf3E.jpg,https://ae04.alicdn.com/kf/H5c68572896664fe6bddf0438166624e5m.jpg,https://ae04.alicdn.com/kf/Hcdc4297258c44bc584c7741f28db0fe4d.jpg,",https://www.aliexpress.com/item/1005001997673316.html,88.80,44.40,30.00%,2098-12-31,50%,https://s.click.aliexpress.com/e/_A4XSfo
Women's Shoes,200133142,White Sock Boots Women 2021 New Gothic Shoes Autumn Ankle Boots Female Platform Shoes Women's White Chunky Heels Punk Booties,1005001998343427,https://ae01.alicdn.com/kf/H285ff1633ade4cc1945cc6113a6fb68bO/White-Sock-Boots-Women-2021-New-Gothic-Shoes-Autumn-Ankle-Boots-Female-Platform-Shoes-Women-s.jpg_220x220.jpg,"https://ae04.alicdn.com/kf/H285ff1633ade4cc1945cc6113a6fb68bO.jpg,https://ae04.alicdn.com/kf/H676096aaa5534493ab635e551cbff7dbk.jpg,https://ae04.alicdn.com/kf/H1732d8af33f141e9aebc8e97d11da4421.jpg,https://ae04.alicdn.com/kf/Ha8cb2cc013aa44fb8243e747cef43d4db.jpg,https://ae04.alicdn.com/kf/H9878183611464ff48905ebc213cbb41eS.jpg,",https://www.aliexpress.com/item/1005001998343427.html,59.43,,30.00%,2098-12-31,null%,https://s.click.aliexpress.com/e/_A3pXGW
Women's Shoes,200133142,Women Winter Knee-high Boots Female Sexy Chunky High Heel Zipper Flock Boots 2021 New Fashion Black Brown Long Shoes,1005001987838311,https://ae01.alicdn.com/kf/H68acdf74e995482fae138e2f5d1dedbeo/Women-Winter-Knee-high-Boots-Female-Sexy-Chunky-High-Heel-Zipper-Flock-Boots-2021-New-Fashion.jpg_220x220.jpg,"https://ae04.alicdn.com/kf/H68acdf74e995482fae138e2f5d1dedbeo.jpg,https://ae04.alicdn.com/kf/Hfb4843eed7a24a299810595966323d04I.jpg,https://ae04.alicdn.com/kf/He5c541a0ff594b55bd65a72874b6c5dd5.jpg,https://ae04.alicdn.com/kf/Hb3ce7feee16749e7bfc676b25b613670h.jpg,https://ae04.alicdn.com/kf/H65475788922d43438465fed626d1a181Z.jpg,",https://www.aliexpress.com/item/1005001987838311.html,81.10,42.17,30.00%,2098-12-31,48%,https://s.click.aliexpress.com/e/_AA5QB0
Women's Shoes,200133142,Women Flat Sandals 2021 Summer Casual Beach Gladiator Fish Mouth Shoes Ladies Outdoor Sandalias De Muje Plus Size 43,1005002007477104,https://ae01.alicdn.com/kf/H9e4ba7ae5bc8466f948d0666d966de10m/Women-Flat-Sandals-2021-Summer-Casual-Beach-Gladiator-Fish-Mouth-Shoes-Ladies-Outdoor-Sandalias-De-Muje.jpg_220x220.jpg,"https://ae04.alicdn.com/kf/H9e4ba7ae5bc8466f948d0666d966de10m.jpg,https://ae04.alicdn.com/kf/H6a730e470724476990b99ff8d11b372dd.jpg,https://ae04.alicdn.com/kf/Hb29361e01f5b486d979c9c2a96929375X.jpg,https://ae04.alicdn.com/kf/H13a28834925c4e1da46a5b94159cc77dW.jpg,https://ae04.alicdn.com/kf/H19d90f608c2a4da0933b441a20ae39be2.jpg,",https://www.aliexpress.com/item/1005002007477104.html,45.68,,30.00%,2098-12-31,null%,https://s.click.aliexpress.com/e/_AeKKEO
Women's Shoes,200133142,2021 Autumn Winter Knee-high Boots Elastic Chunky Thick Heel Long Boots Female New Fashion Zipper Metal Decoration Shoes,1005001988435254,https://ae01.alicdn.com/kf/H83081e205a2a47c5a816ae11b95ce2d2F/2021-Autumn-Winter-Knee-high-Boots-Elastic-Chunky-Thick-Heel-Long-Boots-Female-New-Fashion-Zipper.jpg_220x220.jpg,"https://ae04.alicdn.com/kf/H83081e205a2a47c5a816ae11b95ce2d2F.jpg,https://ae04.alicdn.com/kf/Hf7d81db4ae4040a48e68ef49f7b78be64.jpg,https://ae04.alicdn.com/kf/H87b2a0c0e81f4ea6927fadf549db33cfn.jpg,https://ae04.alicdn.com/kf/Hc2cde3caff724569b56f4b8f7bdc04dce.jpg,https://ae04.alicdn.com/kf/H3e38eb72a4f447e5b42979f8eef6f528V.jpg,",https://www.aliexpress.com/item/1005001988435254.html,67.08,34.88,30.00%,2098-12-31,48%,https://s.click.aliexpress.com/e/_9xWxm2
Women's Shoes,200133142,Women Winter Knee-high Boots 2021 New High Heel Lace-up Leather Boots Female Sexy Chunky White Long Boots Fashion Shoes,1005001985123414,https://ae01.alicdn.com/kf/Ha12bc5231c57424da8ecc5ab593066d22/Women-Winter-Knee-high-Boots-2021-New-High-Heel-Lace-up-Leather-Boots-Female-Sexy-Chunky.jpg_220x220.jpg,"https://ae04.alicdn.com/kf/Ha12bc5231c57424da8ecc5ab593066d22.jpg,https://ae04.alicdn.com/kf/Ha100657c31d74faa867b03aa98e780ffe.jpg,https://ae04.alicdn.com/kf/H8088a453344542b98e4880db78f6e72cx.jpg,https://ae04.alicdn.com/kf/H5e79b70f0f0b489888ae47de2e7b64b2A.jpg,https://ae04.alicdn.com/kf/Hc54bbd78f03a4af49b56b3b9597e80b03.jpg,",https://www.aliexpress.com/item/1005001985123414.html,68.18,35.45,30.00%,2098-12-31,48%,https://s.click.aliexpress.com/e/_As73Pk
Women's Shoes,200133142,Women Flat Sandals 2021 Summer Casual Gladiator Fish Mouth Platform Shoes Ladies Outdoor Sandalias De Muje Plus Size 43,1005002007871663,https://ae01.alicdn.com/kf/H1ce9f586e14a463aa26d28e25992ec36o/Women-Flat-Sandals-2021-Summer-Casual-Gladiator-Fish-Mouth-Platform-Shoes-Ladies-Outdoor-Sandalias-De-Muje.jpg_220x220.jpg,"https://ae04.alicdn.com/kf/H1ce9f586e14a463aa26d28e25992ec36o.jpg,https://ae04.alicdn.com/kf/Ha66361f8dc6f44dd8ecc61cd4764b45eP.jpg,https://ae04.alicdn.com/kf/Hcb3992f36f8b489dbe42ceef1f1d694f1.jpg,https://ae04.alicdn.com/kf/H10fd938b7f9344c98f458fce8fbe6851K.jpg,",https://www.aliexpress.com/item/1005002007871663.html,43.82,,30.00%,2098-12-31,null%,https://s.click.aliexpress.com/e/_9Af9SE
Women's Shoes,200133142,2020 New Winter Snow Boots Women Warm Fur Fashion Knee-high Boots female Casual Wedge Heels long Boots Female Black White Shoes,1005001975324816,https://ae01.alicdn.com/kf/H13160f636ee8439a9ff905f4c87fae00q/2020-New-Winter-Snow-Boots-Women-Warm-Fur-Fashion-Knee-high-Boots-female-Casual-Wedge-Heels.jpg_220x220.jpg,"https://ae04.alicdn.com/kf/H13160f636ee8439a9ff905f4c87fae00q.jpg,https://ae04.alicdn.com/kf/H9110328e92924ed5bfb7d89f2a84308b7.jpg,https://ae04.alicdn.com/kf/H8d0d79ee3c414bdea6513c893692a7dff.jpg,https://ae04.alicdn.com/kf/H564621bb9d5a48fe81dfa811c98dea4cZ.jpg,https://ae04.alicdn.com/kf/Hd85c6884a8cb41debd337564b7771a1dc.jpg,",https://www.aliexpress.com/item/1005001975324816.html,69.85,36.32,30.00%,2098-12-31,48%,https://s.click.aliexpress.com/e/_A2V6s2
Women's Shoes,200133142,Sexy Ziper High Heel Women Knee-high Boots 2020 Winter New Balck Cross-tied Round Heel Long Boots Ladies Fashion Shoes,1005001988340075,https://ae01.alicdn.com/kf/H43c6ebcc95d24c77b48a84fbe667eaf87/Sexy-Ziper-High-Heel-Women-Knee-high-Boots-2020-Winter-New-Balck-Cross-tied-Round-Heel.jpg_220x220.jpg,"https://ae04.alicdn.com/kf/H43c6ebcc95d24c77b48a84fbe667eaf87.jpg,https://ae04.alicdn.com/kf/Hc733d3774625470683b4b0bcf8048e74i.jpg,https://ae04.alicdn.com/kf/H9266df44f87f4c56a1d8fa404f46a75ez.jpg,https://ae04.alicdn.com/kf/H0a4b3f26b1384c12868756003dc1a681Z.jpg,https://ae04.alicdn.com/kf/H021caa0ba9b74db088a391cd9208d0ce8.jpg,",https://www.aliexpress.com/item/1005001988340075.html,69.72,36.25,30.00%,2098-12-31,48%,https://s.click.aliexpress.com/e/_A96aZk
Women's Shoes,200133142,2021 Winter Sexy Knee High Boots Women Low Heels Shoes Patent Leather Belt Buckle Platform Long Boots Female Fashion High Boot,1005001975553490,https://ae01.alicdn.com/kf/H4537b7c8aceb47109870ab3df5ee3d06R/2021-Winter-Sexy-Knee-High-Boots-Women-Low-Heels-Shoes-Patent-Leather-Belt-Buckle-Platform-Long.jpg_220x220.jpg,"https://ae04.alicdn.com/kf/H4537b7c8aceb47109870ab3df5ee3d06R.jpg,https://ae04.alicdn.com/kf/H1e38c00e674341aa880fa15200ee701ah.jpg,https://ae04.alicdn.com/kf/He9f012f94c934f3d94920a243324afe6t.jpg,https://ae04.alicdn.com/kf/H4d6633669b0e4e71923608f7b4a52d4eU.jpg,https://ae04.alicdn.com/kf/H9ef82a46a2fc4bff8ba0ca9bd25e7ac7Z.jpg,",https://www.aliexpress.com/item/1005001975553490.html,69.85,31.43,30.00%,2098-12-31,55%,https://s.click.aliexpress.com/e/_Ak0bps
Women's Shoes,200133142,2021 Women Western Short Boots Woman Lace-up Combat Boot Mid Heels Shoes Fashion Female Round Toe Autumn Brown Booties Plus Size,1005001997676555,https://ae01.alicdn.com/kf/H970089abd7f94c469f00c2ee1d1c43a3g/2021-Women-Western-Short-Boots-Woman-Lace-up-Combat-Boot-Mid-Heels-Shoes-Fashion-Female-Round.jpg_220x220.jpg,"https://ae04.alicdn.com/kf/H970089abd7f94c469f00c2ee1d1c43a3g.jpg,https://ae04.alicdn.com/kf/H4d722975400c4546b13027306e3ae9b3G.jpg,https://ae04.alicdn.com/kf/Hfc7b21f4b54043bdbd32ff2955b83ff8M.jpg,https://ae04.alicdn.com/kf/H26fa363a588f43a5aa6ed0196cbdb3efw.jpg,https://ae04.alicdn.com/kf/H7321ac8f1cb247dbaa6648bbc28f43581.jpg,",https://www.aliexpress.com/item/1005001997676555.html,61.51,31.99,30.00%,2098-12-31,48%,https://s.click.aliexpress.com/e/_AdcPnG
Women's Shoes,200133142,Fashion Ankle Boots Women Casual Spring Autumn Pointed Toe Low Heels Ladies Shoes Non-slip Woman Booties Zipper 2021 Plus Size43,1005001997707253,https://ae01.alicdn.com/kf/H4eaf71590a6a4cc6978d9a71c6387589D/Fashion-Ankle-Boots-Women-Casual-Spring-Autumn-Pointed-Toe-Low-Heels-Ladies-Shoes-Non-slip-Woman.jpg_220x220.jpg,"https://ae04.alicdn.com/kf/H4eaf71590a6a4cc6978d9a71c6387589D.jpg,https://ae04.alicdn.com/kf/H80f865fe75754c879fc9516f231f398fn.jpg,https://ae04.alicdn.com/kf/H7dd8368374a044f78a7b340229bca673R.jpg,https://ae04.alicdn.com/kf/Hd042efec89d6471f93333f38dde609efb.jpg,https://ae04.alicdn.com/kf/Hac92da4f2f1e4f04b06bd28d9e4b8841V.jpg,",https://www.aliexpress.com/item/1005001997707253.html,53.16,27.64,30.00%,2098-12-31,48%,https://s.click.aliexpress.com/e/_A0CH0A
Women's Shoes,200133142,2021 Women Western Martin Boots Winter Female Low Heels Shoes Platform Booties Ladies Fashion Lace-up Red Boots Plus Size 43,1005001999104544,https://ae01.alicdn.com/kf/H4ab6cad32d974812b2747e8a7a215a29d/2021-Women-Western-Martin-Boots-Winter-Female-Low-Heels-Shoes-Platform-Booties-Ladies-Fashion-Lace-up.jpg_220x220.jpg,"https://ae04.alicdn.com/kf/H4ab6cad32d974812b2747e8a7a215a29d.jpg,https://ae04.alicdn.com/kf/H85c0a3cc9c6e404c929347cfabaf4b8dX.jpg,https://ae04.alicdn.com/kf/Hf68400dcc04a4ead8a5fe8ac22b0a865J.jpg,https://ae04.alicdn.com/kf/H928c12b6bd2b47e18a615f415769f6b87.jpg,https://ae04.alicdn.com/kf/Hcf7c6caf5fd345c4b41eec2d18910db2f.jpg,",https://www.aliexpress.com/item/1005001999104544.html,58.86,30.61,30.00%,2098-12-31,48%,https://s.click.aliexpress.com/e/_9IlpT8
Women's Shoes,200133142,Women Shoes 2021 Winter Ankle Boots Thick Sole Height Increasing Warm Snow Boots Female Fashion Buckle Platform Boots,1005001984702892,https://ae01.alicdn.com/kf/H8d2f2ff5ac4743c68ec55f886a0aa6f2O/Women-Shoes-2021-Winter-Ankle-Boots-Thick-Sole-Height-Increasing-Warm-Snow-Boots-Female-Fashion-Buckle.jpg_220x220.jpg,"https://ae04.alicdn.com/kf/H8d2f2ff5ac4743c68ec55f886a0aa6f2O.jpg,https://ae04.alicdn.com/kf/H25e0fc17ab814135badad22920ba9726Y.jpg,https://ae04.alicdn.com/kf/H22a6fa694ca946729ba8ec95840aaba4T.jpg,https://ae04.alicdn.com/kf/He0f0ff17b49547dea9be67948e710f54A.jpg,https://ae04.alicdn.com/kf/H208d22ef5f324a038ff9f9f3392c1addU.jpg,",https://www.aliexpress.com/item/1005001984702892.html,61.95,32.21,30.00%,2098-12-31,48%,https://s.click.aliexpress.com/e/_Acs1h0
Women's Shoes,200133142,Fashion Women's Autumn Black Ankle Boots Women Western Short Boots Buckle Shoes 2021 Ladies Riding Brown Booties Plus Size 43,1005001997172189,https://ae01.alicdn.com/kf/H45e2d72a8d3c4ce38fcd1e227fc72a0a8/Fashion-Women-s-Autumn-Black-Ankle-Boots-Women-Western-Short-Boots-Buckle-Shoes-2021-Ladies-Riding.jpg_220x220.jpg,"https://ae04.alicdn.com/kf/H45e2d72a8d3c4ce38fcd1e227fc72a0a8.jpg,https://ae04.alicdn.com/kf/H0c51a5c83f2f470e9671dab23c3f79c8k.jpg,https://ae04.alicdn.com/kf/Hacf9a1c55cb6479d92a5b3ba4938ca0aa.jpg,https://ae04.alicdn.com/kf/H83ef18645efc491da118d67bcd177d04c.jpg,https://ae04.alicdn.com/kf/Hb1642df2b2134d959d6b600cc8e9863au.jpg,",https://www.aliexpress.com/item/1005001997172189.html,54.74,28.46,30.00%,2098-12-31,48%,https://s.click.aliexpress.com/e/_Apv8vy
Women's Shoes,200133142,2021 New Summer Sexy Women Pumps Shoes Female Thin High Heels Flowers White Sandals Lace Up Fish Mouth Ladies Classic Pumps,1005002001706289,https://ae01.alicdn.com/kf/Hb50bde2a8c3f492c8b2f6d852e5949db2/2021-New-Summer-Sexy-Women-Pumps-Shoes-Female-Thin-High-Heels-Flowers-White-Sandals-Lace-Up.jpg_220x220.jpg,"https://ae04.alicdn.com/kf/Hb50bde2a8c3f492c8b2f6d852e5949db2.jpg,https://ae04.alicdn.com/kf/Hd754d33619b64d15849f73fbb60c8d9bV.jpg,https://ae04.alicdn.com/kf/Hab2def13424848109e7117b998be3a40q.jpg,https://ae04.alicdn.com/kf/H4e53411ce6754f6f8db07fa8a7bc483cE.jpg,",https://www.aliexpress.com/item/1005002001706289.html,60.92,31.68,30.00%,2098-12-31,48%,https://s.click.aliexpress.com/e/_A8QdkI
Women's Shoes,200133142,Women Sexy Thigh High Heels Long Boots 2021 Woman Black Over The Knee Boots Female High Heels Shoes Fashion Boot Plus Size 43,1005001997716408,https://ae01.alicdn.com/kf/Ha9a88ed6be404ed1939cbeb9770c817f3/Women-Sexy-Thigh-High-Heels-Long-Boots-2021-Woman-Black-Over-The-Knee-Boots-Female-High.jpg_220x220.jpg,"https://ae04.alicdn.com/kf/Ha9a88ed6be404ed1939cbeb9770c817f3.jpg,https://ae04.alicdn.com/kf/He3bfdfa965b44d6cab3875f6a1389a46O.jpg,https://ae04.alicdn.com/kf/H307d88ce0b7841b8a87209d3064f090a0.jpg,https://ae04.alicdn.com/kf/H471864a3ab81496f8d6f8f0aa6f02515K.jpg,https://ae04.alicdn.com/kf/Hd708137d577f4d56bf52155ea193a860T.jpg,",https://www.aliexpress.com/item/1005001997716408.html,65.83,29.62,30.00%,2098-12-31,55%,https://s.click.aliexpress.com/e/_9GHqZc
Women's Shoes,200133142,2021 New Spring Women Flats Shoes Wooden Low Heel Square Toe Shallow Shoes Slip On Loafer Zapatos De Mujer Big Size 35-41,1005001985448275,https://ae01.alicdn.com/kf/Hfabd0b739dd144398b1f5c18764365e5m/2021-New-Spring-Women-Flats-Shoes-Wooden-Low-Heel-Square-Toe-Shallow-Shoes-Slip-On-Loafer.jpg_220x220.jpg,"https://ae04.alicdn.com/kf/Hfabd0b739dd144398b1f5c18764365e5m.jpg,https://ae04.alicdn.com/kf/Hfc6cfecc97144aeab64216016239c997b.jpg,https://ae04.alicdn.com/kf/He8130d3fa1804908b6c4216be80dde22i.jpg,https://ae04.alicdn.com/kf/H587b2f6881ac4dd3928321ba40ad574fv.jpg,https://ae04.alicdn.com/kf/He03902c4d6844b1796c43aa08043ef27M.jpg,",https://www.aliexpress.com/item/1005001985448275.html,50.89,26.46,30.00%,2098-12-31,48%,https://s.click.aliexpress.com/e/_APMucK
Women's Shoes,200133142,Sexy High Heel Women Boots Transparent Pointed-toe Back Zipper Ankle Boots Female 2021 Spring Autumn New Fashion Shoes,1005001987452603,https://ae01.alicdn.com/kf/Hb773a5341c6c4e33a696295c6e8efd89M/Sexy-High-Heel-Women-Boots-Transparent-Pointed-toe-Back-Zipper-Ankle-Boots-Female-2021-Spring-Autumn.png_220x220.png,"https://ae04.alicdn.com/kf/Hb773a5341c6c4e33a696295c6e8efd89M.png,https://ae04.alicdn.com/kf/H215577c3f9ee4dcaa44d69bebd6bd3a4b.jpg,https://ae04.alicdn.com/kf/H9dc45ffe2abc4df898470d40e76c803eS.jpg,https://ae04.alicdn.com/kf/Hd3221a0f6b1e4237a2b89a3440c554bbT.jpg,https://ae04.alicdn.com/kf/H20a8fe5f952d40a4b43d1bfc082b008eC.jpg,",https://www.aliexpress.com/item/1005001987452603.html,72.83,37.87,30.00%,2098-12-31,48%,https://s.click.aliexpress.com/e/_9H14Bs
Women's Shoes,200133142,2021 New Winter Women's Snow Boots Fashion Zipper Suede Flat Warm Boots Female Round Head Platform Boots Ladies Shoes,1005001997085425,https://ae01.alicdn.com/kf/H0f07186687a04aa59361736544004d1a8/2021-New-Winter-Women-s-Snow-Boots-Fashion-Zipper-Suede-Flat-Warm-Boots-Female-Round-Head.jpg_220x220.jpg,"https://ae04.alicdn.com/kf/H0f07186687a04aa59361736544004d1a8.jpg,https://ae04.alicdn.com/kf/H44599a093f7545f39bbf2449d2f448adS.jpg,https://ae04.alicdn.com/kf/H4d97eda6baeb41c28077d01ebea835d7x.jpg,https://ae04.alicdn.com/kf/H99d1a37e23a341d1924406e6c826efc3s.jpg,https://ae04.alicdn.com/kf/H7084205b39c946659f65c6c3dddba9161.jpg,",https://www.aliexpress.com/item/1005001997085425.html,66.67,33.34,30.00%,2098-12-31,50%,https://s.click.aliexpress.com/e/_AFGdjc
Women's Shoes,200133142,Fashion White Western Short  Boots Women 2021 Platform Ankle Boots Female Round Toe Low Heels Shoes Autumn Booties Plus Size 43,1005001998018978,https://ae01.alicdn.com/kf/H20935bfc95c843648b89c2759692a6f4n/Fashion-White-Western-Short-Boots-Women-2021-Platform-Ankle-Boots-Female-Round-Toe-Low-Heels-Shoes.jpg_220x220.jpg,"https://ae04.alicdn.com/kf/H20935bfc95c843648b89c2759692a6f4n.jpg,https://ae04.alicdn.com/kf/H6a8d6db139a84f2aa0d0590514007ffdT.jpg,https://ae04.alicdn.com/kf/H6a48b5739b524cb08c304d0883d23741U.jpg,https://ae04.alicdn.com/kf/H7b1d9e526bc042e69b08ac11db8b2ea3z.jpg,https://ae04.alicdn.com/kf/H5d7162a58b5844ba863b759f5fbc6a70p.jpg,",https://www.aliexpress.com/item/1005001998018978.html,57.98,30.15,30.00%,2098-12-31,48%,https://s.click.aliexpress.com/e/_AWuMdy
Women's Shoes,200133142,2021 New Fashion Women Spring Casual Single Flat Shoes Round Toe Oxford Shoes Female White Genuine Leather Flats Plus Size 42,1005001965700691,https://ae01.alicdn.com/kf/Hc89bdb39e15048518539de46c9815bc11/2021-New-Fashion-Women-Spring-Casual-Single-Flat-Shoes-Round-Toe-Oxford-Shoes-Female-White-Genuine.jpg_220x220.jpg,"https://ae04.alicdn.com/kf/Hc89bdb39e15048518539de46c9815bc11.jpg,https://ae04.alicdn.com/kf/Hfaaafc3a517448b1b5cf361f08a8fb41J.jpg,https://ae04.alicdn.com/kf/H2855a3c5bc3c400c9bebc080268f0b1dq.jpg,https://ae04.alicdn.com/kf/H42d5f049ca184822a4621b35508a4c5aq.jpg,https://ae04.alicdn.com/kf/H0ee6560fb7f642b4ae58a7fe6e09e8a7S.jpg,",https://www.aliexpress.com/item/1005001965700691.html,46.28,20.83,30.00%,2098-12-31,55%,https://s.click.aliexpress.com/e/_9yyICw
Women's Shoes,200133142,2021 Spring Women New Mules Low Heels Fashion Comfortable Outdoor Slippers Ladies Casual Slides Women's Shoes Female Footwear,1005001998184868,https://ae01.alicdn.com/kf/Hc6f65d3d2b874753980e0ccdaf14c6b9F/2021-Spring-Women-New-Mules-Low-Heels-Fashion-Comfortable-Outdoor-Slippers-Ladies-Casual-Slides-Women-s.jpg_220x220.jpg,"https://ae04.alicdn.com/kf/Hc6f65d3d2b874753980e0ccdaf14c6b9F.jpg,https://ae04.alicdn.com/kf/H3da04e1f9f674faba39a8c24f171b2d6B.jpg,https://ae04.alicdn.com/kf/Hf106ccbe79554ddf9f2a6e94eb7827ee1.jpg,https://ae04.alicdn.com/kf/H9e855e5acbf245ccb0c03d5639f3919eF.jpg,https://ae04.alicdn.com/kf/Hd6b2be86655d4f1084aea273cd4903b7g.jpg,",https://www.aliexpress.com/item/1005001998184868.html,40.30,20.15,30.00%,2098-12-31,50%,https://s.click.aliexpress.com/e/_A0iizc
Women's Shoes,200133142,Fashion Chunky Heels Boots Woman Ankle Boots Platform Shoes Ladies Short Boots 2021 New Female Yellow Black Booties Plus Size 43,1005001708147509,https://ae01.alicdn.com/kf/H1ebf44d13395413f858ea454c94b41c4B/Fashion-Chunky-Heels-Boots-Woman-Ankle-Boots-Platform-Shoes-Ladies-Short-Boots-2021-New-Female-Yellow.jpg_220x220.jpg,"https://ae04.alicdn.com/kf/H1ebf44d13395413f858ea454c94b41c4B.jpg,https://ae04.alicdn.com/kf/H8ef37fc905304ed4b333086a2625f2270.jpg,https://ae04.alicdn.com/kf/Hf99e1c62d2dd49ad8dad278fc268d034Q.jpg,https://ae04.alicdn.com/kf/Hd0fcfc7383ea4423972821ca5a09a756a.jpg,https://ae04.alicdn.com/kf/Hdd0327c720834287b89a1d4ef14c75c0p.jpg,",https://www.aliexpress.com/item/1005001708147509.html,32.00,13.12,30.00%,2098-12-31,59%,https://s.click.aliexpress.com/e/_9IwVDo
Women's Shoes,200133142,Women Sexy Knee High Boots 2020 Autumn Suede Chunky High Heel Pointed Toe Platform Fashion Female Boots Size 34-43 Western Shoes,1005001843332438,https://ae01.alicdn.com/kf/H8beae58468764fa9964b8047d0c45a2aB/Women-Sexy-Knee-High-Boots-2020-Autumn-Suede-Chunky-High-Heel-Pointed-Toe-Platform-Fashion-Female.jpg_220x220.jpg,"https://ae04.alicdn.com/kf/H8beae58468764fa9964b8047d0c45a2aB.jpg,https://ae04.alicdn.com/kf/Ha9205a1ace9b4912a621baa096921db1L.jpg,https://ae04.alicdn.com/kf/Hb2555ea6f3a54d7486dd00dd801c8559y.jpg,https://ae04.alicdn.com/kf/Hd5588a7496f74b82be4a8b02223e240eV.jpg,https://ae04.alicdn.com/kf/Hbdc235ecc16f4d578cfdea2ec30dcff4m.jpg,",https://www.aliexpress.com/item/1005001843332438.html,51.56,26.81,30.00%,2098-12-31,48%,https://s.click.aliexpress.com/e/_AlnqGw
Women's Shoes,200133142,New Winter Sexy Long Boots Women 2021 Leather Over-the-knee Boots Fashion Woman Mid Heels Shoes Female Sexy White Orange Boot,1005001709330409,https://ae01.alicdn.com/kf/H45afe90b0c95449da55efe2ddb7c2adfE/New-Winter-Sexy-Long-Boots-Women-2021-Leather-Over-the-knee-Boots-Fashion-Woman-Mid-Heels.jpg_220x220.jpg,"https://ae04.alicdn.com/kf/H45afe90b0c95449da55efe2ddb7c2adfE.jpg,https://ae04.alicdn.com/kf/He1caae16f5c0475bb60cfd912a088e36n.jpg,https://ae04.alicdn.com/kf/H4479a25e6b1d4f58ab8598993ae0112fZ.jpg,https://ae04.alicdn.com/kf/H37bb3839e770475fafd7cf205b4d5433X.jpg,https://ae04.alicdn.com/kf/Hcc4f9b59f0b04383baff9ecb54e1e0c9d.jpg,",https://www.aliexpress.com/item/1005001709330409.html,38.28,15.31,30.00%,2098-12-31,60%,https://s.click.aliexpress.com/e/_AWxilk
Women's Shoes,200133142,Women Black Chelsea Short Boots Female Winter Casual Ankle Boots Low Heel Shoes Woman 2021 Autumn Fashion Booties Plus Size 43,1005001587625027,https://ae01.alicdn.com/kf/H2ae5ac1f88d145b8acef0d0c5d5e7b71f/Women-Black-Chelsea-Short-Boots-Female-Winter-Casual-Ankle-Boots-Low-Heel-Shoes-Woman-2021-Autumn.jpg_220x220.jpg,"https://ae04.alicdn.com/kf/H2ae5ac1f88d145b8acef0d0c5d5e7b71f.jpg,https://ae04.alicdn.com/kf/H2da45e1051bd4a44bcddd23a12b9009bg.jpg,https://ae04.alicdn.com/kf/H9fb6e7d739904889b23c1d7bfbb1a069x.jpg,https://ae04.alicdn.com/kf/H2563301600524d2ab2605b833adea161A.jpg,https://ae04.alicdn.com/kf/Ha9921ba0ffa5440dbbfd35e16a8e1d8aD.jpg,",https://www.aliexpress.com/item/1005001587625027.html,44.85,19.73,30.00%,2098-12-31,56%,https://s.click.aliexpress.com/e/_Adhijs
Women's Shoes,200133142,Winter Women's Snow Boots Women 2021 Beige Warm Causal Fur Boots Female Sneakers Ankle Booties Platform Thick Sole Lace Up Shoes,1005001773747660,https://ae01.alicdn.com/kf/H9b2fd64e5b9c4cd989b6cc3ffbf9b222o/Winter-Women-s-Snow-Boots-Women-2021-Beige-Warm-Causal-Fur-Boots-Female-Sneakers-Ankle-Booties.jpg_220x220.jpg,"https://ae04.alicdn.com/kf/H9b2fd64e5b9c4cd989b6cc3ffbf9b222o.jpg,https://ae04.alicdn.com/kf/Hb6afaa334d364799a408d5117462cf87K.jpg,https://ae04.alicdn.com/kf/Hb9d2aead8a8d4797923cb0a839fabcfcg.jpg,https://ae04.alicdn.com/kf/H4289126c7b3546248baa4adf11c77072L.jpg,https://ae04.alicdn.com/kf/H5149d6ca119a44c7a2373e39d7cb8641B.jpg,",https://www.aliexpress.com/item/1005001773747660.html,54.74,24.09,30.00%,2098-12-31,56%,https://s.click.aliexpress.com/e/_A0IFe2
Women's Shoes,200133142,Fashion Casual Luxury Sneakers For Woman D Brand Shoes Women Autumn Sports Shoes Autumn Winter Ladies Breathable White Sneakers,1005001698125660,https://ae01.alicdn.com/kf/H8b278fbd665e4685a0efabeaacc1bf8c0/Fashion-Casual-Luxury-Sneakers-For-Woman-D-Brand-Shoes-Women-Autumn-Sports-Shoes-Autumn-Winter-Ladies.jpg_220x220.jpg,"https://ae04.alicdn.com/kf/H8b278fbd665e4685a0efabeaacc1bf8c0.jpg,https://ae04.alicdn.com/kf/H4b0c116ff39d4fe1bbe3c6f5760c2af9x.jpg,https://ae04.alicdn.com/kf/He61963fd56494ae897778a2366bf0f6fh.jpg,https://ae04.alicdn.com/kf/H3936bc77235f4aae902a64329060c56c6.jpg,https://ae04.alicdn.com/kf/H3f5892e615c54274aeca06d140cb8ba43.jpg,",https://www.aliexpress.com/item/1005001698125660.html,108.00,54.00,30.00%,2098-12-31,50%,https://s.click.aliexpress.com/e/_AtKXcA
Women's Shoes,200133142,2021 Black Knee High Boots Women New Low Heels Boots Ladies Winter Fashion Shoes Western Long Boots Female Genuine Leather Shoes,1005001608989210,https://ae01.alicdn.com/kf/He4567af1fe2540f3a35763a4d06db839w/2021-Black-Knee-High-Boots-Women-New-Low-Heels-Boots-Ladies-Winter-Fashion-Shoes-Western-Long.jpg_220x220.jpg,"https://ae04.alicdn.com/kf/He4567af1fe2540f3a35763a4d06db839w.jpg,https://ae04.alicdn.com/kf/Hcd01fb974cd645ff8b4a324f48470a09k.jpg,https://ae04.alicdn.com/kf/H23a030a7b6454916b849bb09238292afS.jpg,https://ae04.alicdn.com/kf/H9cd0f91e899646c0888afbf8b5da362ea.jpg,https://ae04.alicdn.com/kf/Hb5bc0bcf6dba4a92ae8ab28e45cd5173Y.jpg,",https://www.aliexpress.com/item/1005001608989210.html,77.05,30.82,30.00%,2098-12-31,60%,https://s.click.aliexpress.com/e/_9fPbB8
Women's Shoes,200133142,2021 Summer Women's Thin High Heels Sandals Ankle Cross Strap Female Round Toe V Shape Cover Heel Woman Pumps Party Dress Shoes,1005001935169833,https://ae01.alicdn.com/kf/H7a5c811a1a0e480ca8f2fc502bf22b1dI/2021-Summer-Women-s-Thin-High-Heels-Sandals-Ankle-Cross-Strap-Female-Round-Toe-V-Shape.jpg_220x220.jpg,"https://ae04.alicdn.com/kf/H7a5c811a1a0e480ca8f2fc502bf22b1dI.jpg,https://ae04.alicdn.com/kf/H294bf9a64dfd4b568fadd81f6f2e07643.jpg,https://ae04.alicdn.com/kf/H763720257aec4edfb59da69921e880edv.jpg,https://ae04.alicdn.com/kf/Hea0a41926758443f85dfb1b2b82bcd0bN.jpg,https://ae04.alicdn.com/kf/H6266be3a4bd0468d81c7144484137c345.jpg,",https://www.aliexpress.com/item/1005001935169833.html,46.39,19.48,30.00%,2098-12-31,58%,https://s.click.aliexpress.com/e/_AkTtsW
Women's Shoes,200133142,Women Mesh 2021 Sneaker Sock Shoes Summer Breathable Platform Round Toe Casual Fashion Sport Lace Up Female Girl Stretch Shoes,1005002002188656,https://ae01.alicdn.com/kf/H72d5315246424f07beeba386e15217b2V/Women-Mesh-2021-Sneaker-Sock-Shoes-Summer-Breathable-Platform-Round-Toe-Casual-Fashion-Sport-Lace-Up.jpg_220x220.jpg,"https://ae04.alicdn.com/kf/H72d5315246424f07beeba386e15217b2V.jpg,https://ae04.alicdn.com/kf/H0a69597fd88146ebac2db394e1d8b9bdR.jpg,https://ae04.alicdn.com/kf/Hb7cadd3343d4432183bf6c3cf9206ebaX.jpg,https://ae04.alicdn.com/kf/H8e09ae89e935480d93cdaa7ba7a5e96eE.jpg,https://ae04.alicdn.com/kf/H2034f08f75d74893949bd4c3230bab13Y.jpg,",https://www.aliexpress.com/item/1005002002188656.html,61.41,,30.00%,2098-12-31,null%,https://s.click.aliexpress.com/e/_AXXfZ0
Women's Shoes,200133142,Women Knee High Boots Chunky Heel Thick Sole Female Winter Round Toe Long Boots Genuine Leather Platform Shoes 2021 New Fashion,1005001997955194,https://ae01.alicdn.com/kf/H5b9d3e4976724311b16822855ef8bc51I/Women-Knee-High-Boots-Chunky-Heel-Thick-Sole-Female-Winter-Round-Toe-Long-Boots-Genuine-Leather.jpg_220x220.jpg,"https://ae04.alicdn.com/kf/H5b9d3e4976724311b16822855ef8bc51I.jpg,https://ae04.alicdn.com/kf/Hd8a9ecc20873480db9639d21cb1406c9x.jpg,https://ae04.alicdn.com/kf/Hc024edc7e932498f9391c76d28646139z.jpg,https://ae04.alicdn.com/kf/H2a58ba3cea0a4aa5bfc18e636a18e357k.jpg,https://ae04.alicdn.com/kf/Hda385429fd29485fb2c7a8896bbe2fb0i.jpg,",https://www.aliexpress.com/item/1005001997955194.html,77.49,,30.00%,2098-12-31,null%,https://s.click.aliexpress.com/e/_9z8F8O
Women's Shoes,200133142,2021 New Women Boots  Autumn Winter Warm Fur Mid Calf Female Shoes Thick Sole Platform Ladies Booties Fashion Flat Plus Size 43,1005001997958508,https://ae01.alicdn.com/kf/H52e980ca6a5046bda1f87c5e199b0313d/2021-New-Women-Boots-Autumn-Winter-Warm-Fur-Mid-Calf-Female-Shoes-Thick-Sole-Platform-Ladies.jpg_220x220.jpg,"https://ae04.alicdn.com/kf/H52e980ca6a5046bda1f87c5e199b0313d.jpg,https://ae04.alicdn.com/kf/Ha7e439cde1054379b6ef623ff5efb2e0Z.jpg,https://ae04.alicdn.com/kf/H249d909368234c9db0e33259dd2bf373U.jpg,https://ae04.alicdn.com/kf/H202571a528964cd598c7b1641f7968ea8.jpg,https://ae04.alicdn.com/kf/H2e8320a6157b46728727959302543cdfC.jpg,",https://www.aliexpress.com/item/1005001997958508.html,87.52,,30.00%,2098-12-31,null%,https://s.click.aliexpress.com/e/_A3QxKE
Women's Shoes,200133142,Female Shoes Lace Up Flats  Leather Martin Boots Women's New Autumn Winter Boots 2021 Fashion Mid Calf Simple Ladies Square Toe,1005002007784145,https://ae01.alicdn.com/kf/Ha10a819a4b8c451392f6a7b7ca182daeL/Female-Shoes-Lace-Up-Flats-Leather-Martin-Boots-Women-s-New-Autumn-Winter-Boots-2021-Fashion.jpg_220x220.jpg,"https://ae04.alicdn.com/kf/Ha10a819a4b8c451392f6a7b7ca182daeL.jpg,https://ae04.alicdn.com/kf/Ha31aa870b8df487b87f0537e454c419en.jpg,https://ae04.alicdn.com/kf/Hdc8c4a1e69974d16bf37c52c7372bc9dg.jpg,https://ae04.alicdn.com/kf/H7807a08033fb460fb3f972893543e5c2i.jpg,https://ae04.alicdn.com/kf/Ha48df0788fce4c9d972f92612b907977i.jpg,",https://www.aliexpress.com/item/1005002007784145.html,78.73,,30.00%,2098-12-31,null%,https://s.click.aliexpress.com/e/_Apzdbk
Women's Shoes,200133142,2021 New Fashion Women Motorcycle Boots Round Toe Lace Up Ladies Shoes Warm Fur Woman Platform Ankle Booties Female Buckle Boots,1005001997777326,https://ae01.alicdn.com/kf/Hdd7562d877634087bbc16387fcce3fe5A/2021-New-Fashion-Women-Motorcycle-Boots-Round-Toe-Lace-Up-Ladies-Shoes-Warm-Fur-Woman-Platform.jpg_220x220.jpg,"https://ae04.alicdn.com/kf/Hdd7562d877634087bbc16387fcce3fe5A.jpg,https://ae04.alicdn.com/kf/H01f215cfd5314bb4b925457ed6fe1db2M.jpg,https://ae04.alicdn.com/kf/Hbddd40262b2841d1b6826c40b46023acR.jpg,https://ae04.alicdn.com/kf/Hc7c86638b94b4dfd9d1c5e4bcdbabed93.jpg,https://ae04.alicdn.com/kf/H035c9b50c1fa4d639aae2227cf05cd93L.jpg,",https://www.aliexpress.com/item/1005001997777326.html,84.65,,30.00%,2098-12-31,null%,https://s.click.aliexpress.com/e/_A9bL4e
Women's Shoes,200133142,2021 New High Heels Boots Women Short Boots Winter Fashion Chelsea Boots Ladies Temperament Flock Leather Round Toe Female Shoes,1005001998364845,https://ae01.alicdn.com/kf/H37a5c4f794004c908b64a6ab84855423f/2021-New-High-Heels-Boots-Women-Short-Boots-Winter-Fashion-Chelsea-Boots-Ladies-Temperament-Flock-Leather.jpg_220x220.jpg,"https://ae04.alicdn.com/kf/H37a5c4f794004c908b64a6ab84855423f.jpg,https://ae04.alicdn.com/kf/Hcad623ee35994e42aef6bc4507890026y.jpg,https://ae04.alicdn.com/kf/H92e8c2d680dd4c818ad31344c88ea04bh.jpg,https://ae04.alicdn.com/kf/H88c99d45b1ea4a208a10c23c69c766cdi.jpg,https://ae04.alicdn.com/kf/Hba19fb7223274e80b9eac8722029cdba7.jpg,",https://www.aliexpress.com/item/1005001998364845.html,70.86,,30.00%,2098-12-31,null%,https://s.click.aliexpress.com/e/_AbfwMK
Women's Shoes,200133142,Casual Clip Toe Women's Slippers 2020 Summer New Suede Sandals Square Head High Heels Solid Color Slippers Women Ladies Shoes,33012121829,https://ae01.alicdn.com/kf/HTB1wfIjU7voK1RjSZFDq6xY3pXa8/Casual-Clip-Toe-Women-s-Slippers-2020-Summer-New-Suede-Sandals-Square-Head-High-Heels-Solid.jpg_220x220.jpg,"https://ae04.alicdn.com/kf/HTB1wfIjU7voK1RjSZFDq6xY3pXa8.jpg,https://ae04.alicdn.com/kf/HTB1iZoiU4TpK1RjSZFMq6zG_VXae.jpg,https://ae04.alicdn.com/kf/HTB1BPswU4YaK1RjSZFnq6y80pXau.jpg,https://ae04.alicdn.com/kf/HTB1nxUFU5LaK1RjSZFxq6ymPFXaf.jpg,https://ae04.alicdn.com/kf/HTB1Y.EnU3HqK1RjSZJnq6zNLpXai.jpg,",https://www.aliexpress.com/item/33012121829.html,40.86,21.66,9.00%,2098-12-31,47%,https://s.click.aliexpress.com/e/_AOG294
Women's Shoes,200133142,Women Black Chelsea Boots Chunky Heel Shoes Ladies Leather Ankle Boots Autumn Winter Female Platform Booties Plus Size 43,1005001997831316,https://ae01.alicdn.com/kf/Hf8abecaf9b774cb298a548bb1e9bcf29J/Women-Black-Chelsea-Boots-Chunky-Heel-Shoes-Ladies-Leather-Ankle-Boots-Autumn-Winter-Female-Platform-Booties.jpg_220x220.jpg,"https://ae04.alicdn.com/kf/Hf8abecaf9b774cb298a548bb1e9bcf29J.jpg,https://ae04.alicdn.com/kf/Hfe43dbbc59c14cccadcab4eb983e24d7A.jpg,https://ae04.alicdn.com/kf/H3beb195eed904c56993945bfa8b42702p.jpg,https://ae04.alicdn.com/kf/H7debddf411194b1aadd465aae26b6d20Q.jpg,https://ae04.alicdn.com/kf/Ha12081d96d384d028f224da17743d923T.jpg,",https://www.aliexpress.com/item/1005001997831316.html,65.45,,30.00%,2098-12-31,null%,https://s.click.aliexpress.com/e/_9ADClc
Women's Shoes,200133142,Fashion Chelsea Boots Women Shiny Patent Leather Square Toe Elastic Slip On Med Heels Boot 2021 Ankle Chunky Short Shoes,1005002002240912,https://ae01.alicdn.com/kf/H0203dffd82124cd587807ac95d77cf41y/Fashion-Chelsea-Boots-Women-Shiny-Patent-Leather-Square-Toe-Elastic-Slip-On-Med-Heels-Boot-2021.jpg_220x220.jpg,"https://ae04.alicdn.com/kf/H0203dffd82124cd587807ac95d77cf41y.jpg,https://ae04.alicdn.com/kf/H55901adebd914dc89051121573c44479E.jpg,https://ae04.alicdn.com/kf/Hf6f97a52727a46d38d99592fda9bff53K.jpg,https://ae04.alicdn.com/kf/H3f9f996033054bb8b109f58d7f8a0051T.jpg,https://ae04.alicdn.com/kf/H033cb6b0ca784b6ebb97434e8c6e0a17Y.jpg,",https://www.aliexpress.com/item/1005002002240912.html,51.48,,30.00%,2098-12-31,null%,https://s.click.aliexpress.com/e/_A34zxG
Women's Shoes,200133142,Snow Boots Women Shoes Winter 2021 Fashion Leisure Sinple Trend Warm Fur Casual Female Booties Lace Up Thick Flats Ankle Booties,1005002007101590,https://ae01.alicdn.com/kf/Heaabf104b78a41b49bfc3fcab805fef1p/Snow-Boots-Women-Shoes-Winter-2021-Fashion-Leisure-Sinple-Trend-Warm-Fur-Casual-Female-Booties-Lace.jpg_220x220.jpg,"https://ae04.alicdn.com/kf/Heaabf104b78a41b49bfc3fcab805fef1p.jpg,https://ae04.alicdn.com/kf/H7ec8b53778124169a9ab707e8dfb6a71B.jpg,https://ae04.alicdn.com/kf/H8e51fbbe57f44433af59795a645e9bd5n.jpg,https://ae04.alicdn.com/kf/Hbbcf3803edef4c98a9b470f00393f7e61.jpg,https://ae04.alicdn.com/kf/H9b548fcdbea7488bad65289fc413a7a4Q.jpg,",https://www.aliexpress.com/item/1005002007101590.html,57.94,,30.00%,2098-12-31,null%,https://s.click.aliexpress.com/e/_9gEQUa
Women's Shoes,200133142,Women Snow Boots 2021 Winter Ankle Boot Fashion Slip-on Waterproof Flat Shiny Booties Ladies Warm Short Shoes Botas Mujer,1005002002387723,https://ae01.alicdn.com/kf/Ha292214302b54403bd52c3f01c413531C/Women-Snow-Boots-2021-Winter-Ankle-Boot-Fashion-Slip-on-Waterproof-Flat-Shiny-Booties-Ladies-Warm.jpg_220x220.jpg,"https://ae04.alicdn.com/kf/Ha292214302b54403bd52c3f01c413531C.jpg,https://ae04.alicdn.com/kf/Hfc7e36c20ca84bb09dd75d963bc04e79Y.jpg,https://ae04.alicdn.com/kf/H74648f7010c64b59b6524bb8966060d9X.jpg,https://ae04.alicdn.com/kf/Hb4452926016b41599c19a97b9fba5d14Q.jpg,https://ae04.alicdn.com/kf/H4dfe4479da244c3890d0df1877cf2115A.jpg,",https://www.aliexpress.com/item/1005002002387723.html,55.71,,30.00%,2098-12-31,null%,https://s.click.aliexpress.com/e/_AeNgp8
Women's Shoes,200133142,Ladies Flat Platform Sandals Women Sexy Leopard Soft Thick Bottom Female Shoes Summer Casual Buckle Strap Sandal Woman Plus Size,1005002002552006,https://ae01.alicdn.com/kf/H1713b8bb39f048b7ba29938f2fe42554M/Ladies-Flat-Platform-Sandals-Women-Sexy-Leopard-Soft-Thick-Bottom-Female-Shoes-Summer-Casual-Buckle-Strap.jpg_220x220.jpg,"https://ae04.alicdn.com/kf/H1713b8bb39f048b7ba29938f2fe42554M.jpg,https://ae04.alicdn.com/kf/H65c167ecef124d869fbd84840824f6a7L.jpg,https://ae04.alicdn.com/kf/H11d3d1982c26439a91172c9bcda663930.jpg,https://ae04.alicdn.com/kf/Hc641235dd3c048cabe3f18f11c7b5cd2x.jpg,https://ae04.alicdn.com/kf/H1d2411e6fc794b19ad1e37788053acfaf.jpg,",https://www.aliexpress.com/item/1005002002552006.html,49.58,,30.00%,2098-12-31,null%,https://s.click.aliexpress.com/e/_AdBHrc
Women's Shoes,200133142,2021 Fashion Western High Boots Women Brown Mid-Calf Riding Boots Female Printing Shoes Ladies Low Heels Long Boots Plus Size 43,1005001666576623,https://ae01.alicdn.com/kf/H8b73e871cd8b484c91f3de1892bb9122r/2021-Fashion-Western-High-Boots-Women-Brown-Mid-Calf-Riding-Boots-Female-Printing-Shoes-Ladies-Low.jpg_220x220.jpg,"https://ae04.alicdn.com/kf/H8b73e871cd8b484c91f3de1892bb9122r.jpg,https://ae04.alicdn.com/kf/H20a567b991b8484db45a291f60ff4c55L.jpg,https://ae04.alicdn.com/kf/H35e72f79dd0c4f2097ab60bd737dcb0cV.jpg,https://ae04.alicdn.com/kf/Hda8df7ffe7d6409fa4a3534f3b033c7dp.jpg,https://ae04.alicdn.com/kf/H4b2db98c52aa46dda606eff222cfd4f3g.jpg,",https://www.aliexpress.com/item/1005001666576623.html,76.05,33.46,30.00%,2098-12-31,56%,https://s.click.aliexpress.com/e/_A0klXy
Women's Shoes,200133142,Women Knee-high Boots Classic Tassel Western Cowboy Boots Autumn Female Zipper Chunky Heels Boots Sexy Ladies Shoes 2021new,1005001997767100,https://ae01.alicdn.com/kf/H4cb0ea210e5e4218acca1ca5fade378cr/Women-Knee-high-Boots-Classic-Tassel-Western-Cowboy-Boots-Autumn-Female-Zipper-Chunky-Heels-Boots-Sexy.jpg_220x220.jpg,"https://ae04.alicdn.com/kf/H4cb0ea210e5e4218acca1ca5fade378cr.jpg,https://ae04.alicdn.com/kf/H20653f88e25545948c38e60a7d1d7051y.jpg,https://ae04.alicdn.com/kf/H4b2bfb0005844304a6b0b3d752334f64w.jpg,https://ae04.alicdn.com/kf/H152d52997a08478784a29d847148387fb.jpg,https://ae04.alicdn.com/kf/H36b43c7e0f704df896f1999c28fb6aa0w.jpg,",https://www.aliexpress.com/item/1005001997767100.html,66.83,33.42,30.00%,2098-12-31,50%,https://s.click.aliexpress.com/e/_9IoX6w
Women's Shoes,200133142,Sexy Over The Knee Boots Women 2021 Black Suede Long Boot High Heels Bootas Winter Ladies Fashion Pointed Toe Shoes Plus Size 43,1005001997303757,https://ae01.alicdn.com/kf/H219351c12bfc4455a1ae2192538a5da2I/Sexy-Over-The-Knee-Boots-Women-2021-Black-Suede-Long-Boot-High-Heels-Bootas-Winter-Ladies.jpg_220x220.jpg,"https://ae04.alicdn.com/kf/H219351c12bfc4455a1ae2192538a5da2I.jpg,https://ae04.alicdn.com/kf/H33f5c22241c34fc9af06ef369d415afaZ.jpg,https://ae04.alicdn.com/kf/Hb2ad94942d8d47d2a3c1a0b151e7f5edo.jpg,https://ae04.alicdn.com/kf/Ha1ed2932286843e9b244504226359d28q.jpg,https://ae04.alicdn.com/kf/Hb61f4788e11c47b199cfbd2480e9c25cl.jpg,",https://www.aliexpress.com/item/1005001997303757.html,65.11,33.86,30.00%,2098-12-31,48%,https://s.click.aliexpress.com/e/_AKeU1c
Women's Shoes,200133142,2021 Western Cowboy High Boots Women Embroidered Leather Shoes Mid-Calf Riding Boots Female Brown Low Heel Booties Plus Size 43,1005001742377898,https://ae01.alicdn.com/kf/H717319636aba4132af065bc0a48857afy/2021-Western-Cowboy-High-Boots-Women-Embroidered-Leather-Shoes-Mid-Calf-Riding-Boots-Female-Brown-Low.jpg_220x220.jpg,"https://ae04.alicdn.com/kf/H717319636aba4132af065bc0a48857afy.jpg,https://ae04.alicdn.com/kf/Hc9ec1196edc84639bf2b17f53c759e4eb.jpg,https://ae04.alicdn.com/kf/H2d4c9d57e33147bca2ace7024a81c5032.jpg,https://ae04.alicdn.com/kf/H06592b58ac024c0bafdbf1c6eb814dfd4.jpg,https://ae04.alicdn.com/kf/Hb513867f23604e61b4f8e76a7a956b50U.jpg,",https://www.aliexpress.com/item/1005001742377898.html,73.16,30.00,30.00%,2098-12-31,59%,https://s.click.aliexpress.com/e/_AAtqmA
Women's Shoes,200133142,Black Sexy Over The Knee Boots Women Winter Fashion Platform Shoes Woman Leather Thigh High Boots Female Thick Heel Long Boot,1005001882767316,https://ae01.alicdn.com/kf/H8173572a8a204534b06553baebf1b019n/Black-Sexy-Over-The-Knee-Boots-Women-Winter-Fashion-Platform-Shoes-Woman-Leather-Thigh-High-Boots.jpg_220x220.jpg,"https://ae04.alicdn.com/kf/H8173572a8a204534b06553baebf1b019n.jpg,https://ae04.alicdn.com/kf/H4417775a55214c7f9d308b3ff7405191v.jpg,https://ae04.alicdn.com/kf/Hdee4e2fdf8e042898ea06d7ceb73c8fcl.jpg,https://ae04.alicdn.com/kf/H4f3f57d8ea354019af2d06b3b455054ed.jpg,https://ae04.alicdn.com/kf/H3d0a46a84e7549b5b91009944741da62F.jpg,",https://www.aliexpress.com/item/1005001882767316.html,60.19,27.09,30.00%,2098-12-31,55%,https://s.click.aliexpress.com/e/_A2ZaP0
Women's Shoes,200133142,2021 New Spring High Heels Women Pumps Pointed Toe Shoes Female Shiny Sparkly Single Shoes Ladies Slip-On Black Gold Party Shoes,1005001974969980,https://ae01.alicdn.com/kf/H8880bf706e0b42cbb7f8c21ff481becbz/2021-New-Spring-High-Heels-Women-Pumps-Pointed-Toe-Shoes-Female-Shiny-Sparkly-Single-Shoes-Ladies.jpg_220x220.jpg,"https://ae04.alicdn.com/kf/H8880bf706e0b42cbb7f8c21ff481becbz.jpg,https://ae04.alicdn.com/kf/H0b7306208abe4d859b5b69a236d6d60e8.jpg,https://ae04.alicdn.com/kf/H03283868d7f045c391f21534a4f62a43J.jpg,https://ae04.alicdn.com/kf/H4ede69c5115d493c91bd2bced841442cQ.jpg,https://ae04.alicdn.com/kf/H7da3d0f9d6a143a29e176ff514e2ca85R.jpg,",https://www.aliexpress.com/item/1005001974969980.html,56.26,29.26,30.00%,2098-12-31,48%,https://s.click.aliexpress.com/e/_A99sgK
Women's Shoes,200133142,Winter New Women Sexy Long Boots Female Leather Over The Knee Boots Woman Low Heels Shoes Ladies 2021 Fashion Thigh High Boots,1005001817867475,https://ae01.alicdn.com/kf/H3814d582e4ee4961b542b6648e5754ab5/Winter-New-Women-Sexy-Long-Boots-Female-Leather-Over-The-Knee-Boots-Woman-Low-Heels-Shoes.jpg_220x220.jpg,"https://ae04.alicdn.com/kf/H3814d582e4ee4961b542b6648e5754ab5.jpg,https://ae04.alicdn.com/kf/H9fd209e71f694c5b893dcc27b74e59461.jpg,https://ae04.alicdn.com/kf/H048a8b7f4eb845b4918e7978390d463fd.jpg,https://ae04.alicdn.com/kf/H878fcc0122d84a95974f5831700adb53R.jpg,https://ae04.alicdn.com/kf/H3719045b1606432e9f8f6502e20be1caV.jpg,",https://www.aliexpress.com/item/1005001817867475.html,69.00,28.98,30.00%,2098-12-31,58%,https://s.click.aliexpress.com/e/_9zamoE
Women's Shoes,200133142,Winter Warm Snow Boots Women 2021 White Black Ankle Boots Female High Heels Platform Shoes Fashion Ladies Warm Fur Booties,1005001824053840,https://ae01.alicdn.com/kf/Hf8dba4f68f124e429a77f92d3b11585al/Winter-Warm-Snow-Boots-Women-2021-White-Black-Ankle-Boots-Female-High-Heels-Platform-Shoes-Fashion.jpg_220x220.jpg,"https://ae04.alicdn.com/kf/Hf8dba4f68f124e429a77f92d3b11585al.jpg,https://ae04.alicdn.com/kf/Hae373409b6c949d49fb8afd02ee3b63fO.jpg,https://ae04.alicdn.com/kf/H9636423be3034a03a04169e7c6f564feY.jpg,https://ae04.alicdn.com/kf/He0e232321e5242b38bfaba6f173a3b06t.jpg,https://ae04.alicdn.com/kf/Hb44270f93a124643bd599a6df49f40041.jpg,",https://www.aliexpress.com/item/1005001824053840.html,75.16,31.57,30.00%,2098-12-31,58%,https://s.click.aliexpress.com/e/_AE10RY
Women's Shoes,200133142,Winter Christmas Snow Boots Women 2021 Red Black Ankle Boots Female High Heels Platform Shoes Women's Ladies Warm Fur Booties,1005001666019639,https://ae01.alicdn.com/kf/Hadf2183cdb4444e991edfee623ba9c83q/Winter-Christmas-Snow-Boots-Women-2021-Red-Black-Ankle-Boots-Female-High-Heels-Platform-Shoes-Women.jpg_220x220.jpg,"https://ae04.alicdn.com/kf/Hadf2183cdb4444e991edfee623ba9c83q.jpg,https://ae04.alicdn.com/kf/H58eae6b88b89471dad22308bc4ed0281j.jpg,https://ae04.alicdn.com/kf/H209a601b526e42fcb51ed7186e7ed864w.jpg,https://ae04.alicdn.com/kf/Hd62e2f6020ce4c09b16d1e09f8bf5b482.jpg,https://ae04.alicdn.com/kf/Hf01846e60b754ec2ab8dc36cbc30ce4ed.jpg,",https://www.aliexpress.com/item/1005001666019639.html,49.20,21.65,30.00%,2098-12-31,56%,https://s.click.aliexpress.com/e/_AVVJ2S
Women's Shoes,200133142,Fashion Black Flat Shoes Women Summer Simple Thong Sandals 2021 Ladies Casual Clip Toe Hollow Shoes Female New Sandals,1005002063427797,https://ae01.alicdn.com/kf/H548d266592aa4ddd9701d7c0163c1920N/Fashion-Black-Flat-Shoes-Women-Summer-Simple-Thong-Sandals-2021-Ladies-Casual-Clip-Toe-Hollow-Shoes.jpg_220x220.jpg,"https://ae04.alicdn.com/kf/H548d266592aa4ddd9701d7c0163c1920N.jpg,https://ae04.alicdn.com/kf/H6a5b963833b748b48fe7e256e2b24499H.jpg,https://ae04.alicdn.com/kf/H59c5f92301074bb59169b0823cf659d3k.jpg,",https://www.aliexpress.com/item/1005002063427797.html,55.60,28.91,30.00%,2098-12-31,48%,https://s.click.aliexpress.com/e/_9x6350
Women's Shoes,200133142,Women High Heel Ankle Boots 2021 Autumn Winter New Leather Warm White Short Boots Female Sexy Zipper Boots Ladies Fashion Shoes,1005001984503201,https://ae01.alicdn.com/kf/H7401afd2488f48efb504459b987821ecP/Women-High-Heel-Ankle-Boots-2021-Autumn-Winter-New-Leather-Warm-White-Short-Boots-Female-Sexy.jpg_220x220.jpg,"https://ae04.alicdn.com/kf/H7401afd2488f48efb504459b987821ecP.jpg,https://ae04.alicdn.com/kf/Hd90b058f4b76456bbacabc7f1a40c74dd.jpg,https://ae04.alicdn.com/kf/H35d50f60b61a4d7588d101054428564fk.jpg,https://ae04.alicdn.com/kf/H4afcdd8630c94205a5d464b26d5ac6e8P.jpg,https://ae04.alicdn.com/kf/H1ae8c27d539f4678acf6bdace3999090I.jpg,",https://www.aliexpress.com/item/1005001984503201.html,63.21,32.87,30.00%,2098-12-31,48%,https://s.click.aliexpress.com/e/_AsAZWK
Women's Shoes,200133142,Spring Fashion British Ankle Boots Women Pu Side Zipper Warm Short Booties Ladies Thin Heel New Shallow Butterfly-knot Shoes,1005002069274499,https://ae01.alicdn.com/kf/H397365f927684d9b9368ca21d507802ft/Spring-Fashion-British-Ankle-Boots-Women-Pu-Side-Zipper-Warm-Short-Booties-Ladies-Thin-Heel-New.jpg_220x220.jpg,"https://ae04.alicdn.com/kf/H397365f927684d9b9368ca21d507802ft.jpg,https://ae04.alicdn.com/kf/H76a2e024ba7e469eae862e569aaddf96R.jpg,https://ae04.alicdn.com/kf/Hcf0abff5c88f419295e89b2b9c885562s.jpg,https://ae04.alicdn.com/kf/Hd7e4d668ab9d434baa9cb78f10130d895.jpg,",https://www.aliexpress.com/item/1005002069274499.html,73.82,31.00,30.00%,2098-12-31,58%,https://s.click.aliexpress.com/e/_9AjdZs
Women's Shoes,200133142,Winter Warm Snow Boots Women 2021 Women's White Stretch Platform Boots Female Autumn Shoes Fashion Casual Mid-calf Sock Boot,1005001698189772,https://ae01.alicdn.com/kf/Hc4ae6b285cce498d8d0a5b83fd97878bG/Winter-Warm-Snow-Boots-Women-2021-Women-s-White-Stretch-Platform-Boots-Female-Autumn-Shoes-Fashion.jpg_220x220.jpg,"https://ae04.alicdn.com/kf/Hc4ae6b285cce498d8d0a5b83fd97878bG.jpg,https://ae04.alicdn.com/kf/H175a4a3a077b40b99600069dd64a2a04m.jpg,https://ae04.alicdn.com/kf/H28cdea38053d42c5944f4e526e489d85P.jpg,https://ae04.alicdn.com/kf/Ha2ff4cfbe5974f86b9393428f753ec84V.jpg,https://ae04.alicdn.com/kf/H96fb0be6e54f49448d386cbc80b961bci.jpg,",https://www.aliexpress.com/item/1005001698189772.html,63.07,27.75,30.00%,2098-12-31,56%,https://s.click.aliexpress.com/e/_AFJLw2
Women's Shoes,200133142,2021 Fashion Women's Snow Boots Winter Fur Warm Ankle Boots Ladies Sequins Silver White Booties Female Zipper Platform Shoes 46,1005001840830147,https://ae01.alicdn.com/kf/Hb99402c775aa487781384976159b8cf80/2021-Fashion-Women-s-Snow-Boots-Winter-Fur-Warm-Ankle-Boots-Ladies-Sequins-Silver-White-Booties.jpg_220x220.jpg,"https://ae04.alicdn.com/kf/Hb99402c775aa487781384976159b8cf80.jpg,https://ae04.alicdn.com/kf/H96763f5bbd224e4eb7b25b5c4ad1d7bdx.jpg,https://ae04.alicdn.com/kf/H341ba5c5f7c5446a98a9096c09e6d026L.jpg,https://ae04.alicdn.com/kf/Hcead35166b6c4cb985da7a1f2268c346R.jpg,https://ae04.alicdn.com/kf/H11e5120bac6445f69a744b3cc5de21c7Q.jpg,",https://www.aliexpress.com/item/1005001840830147.html,77.35,30.94,30.00%,2098-12-31,60%,https://s.click.aliexpress.com/e/_AFlONy
Women's Shoes,200133142,2021 INS Hot Chunky Heels Platform Boots Women Autumn Black Shoes New Female Winter Motorcycles Boots Ladies Fashion Booties,1005001713458007,https://ae01.alicdn.com/kf/H85e8c79ce9914d56976480ad8d8377ec8/2021-INS-Hot-Chunky-Heels-Platform-Boots-Women-Autumn-Black-Shoes-New-Female-Winter-Motorcycles-Boots.jpg_220x220.jpg,"https://ae04.alicdn.com/kf/H85e8c79ce9914d56976480ad8d8377ec8.jpg,https://ae04.alicdn.com/kf/Hda291e5015ca402ab7ba124c375e8ec0A.jpg,https://ae04.alicdn.com/kf/He59efd4d442842ae89f6f64e777ce3c7A.jpg,https://ae04.alicdn.com/kf/H02430f1f4f584355bc676745458e18f1y.jpg,https://ae04.alicdn.com/kf/H8209aad0cedb40dea509b4d3c5b498d8a.jpg,",https://www.aliexpress.com/item/1005001713458007.html,75.00,31.50,30.00%,2098-12-31,58%,https://s.click.aliexpress.com/e/_AWpGAI
Women's Shoes,200133142,Winter Chelsea Boots Women 2021 Low Heels Ankle Boots Ladies Casual Warm Shoes Autumn Female Fashion Grey Booties Plus Size 43,1005001993217145,https://ae01.alicdn.com/kf/H81e89192bcfd4d83a72ebeb95b72f323G/Winter-Chelsea-Boots-Women-2021-Low-Heels-Ankle-Boots-Ladies-Casual-Warm-Shoes-Autumn-Female-Fashion.jpg_220x220.jpg,"https://ae04.alicdn.com/kf/H81e89192bcfd4d83a72ebeb95b72f323G.jpg,https://ae04.alicdn.com/kf/Hf8b4e2161b8e4f02a5fe134fc9089a33g.jpg,https://ae04.alicdn.com/kf/H4720ab8b53a34f07ae75b4281ce02573a.jpg,https://ae04.alicdn.com/kf/H382e5cdeecb44490849a8d1420e384a9X.jpg,https://ae04.alicdn.com/kf/H51c44a9772b24f868faccdc4e56fdfcdy.jpg,",https://www.aliexpress.com/item/1005001993217145.html,61.88,25.99,30.00%,2098-12-31,58%,https://s.click.aliexpress.com/e/_9yqohG
Women's Shoes,200133142,2021 Western Riding Boots Women Winter Brown Round Toe Mid Boots female Embroidered Shoes Woman Autumn Fashion Long Boots,1005001619705434,https://ae01.alicdn.com/kf/H70bfd138bd834bbe94c14e9c09e32c61P/2021-Western-Riding-Boots-Women-Winter-Brown-Round-Toe-Mid-Boots-female-Embroidered-Shoes-Woman-Autumn.jpg_220x220.jpg,"https://ae04.alicdn.com/kf/H70bfd138bd834bbe94c14e9c09e32c61P.jpg,https://ae04.alicdn.com/kf/H60354ff9b7894f4b9695ecd54f1767a1G.jpg,https://ae04.alicdn.com/kf/H5e3a9d5dd23f474ca5fe87ab660f8698d.jpg,https://ae04.alicdn.com/kf/H41478c545d1a491b9a8631f47d1a9575H.jpg,https://ae04.alicdn.com/kf/H083fec6e4bad4f6db87e2a4f01913b6ez.jpg,",https://www.aliexpress.com/item/1005001619705434.html,59.00,24.78,30.00%,2098-12-31,58%,https://s.click.aliexpress.com/e/_9Gmf3y
Women's Shoes,200133142,Spring Red Singel Shoes Women 2021 Simple Patent Leather Lace-up Shoes Fashion Casual Thick Heel Solid Mules Shoes Plus Size 43,1005002067993994,https://ae01.alicdn.com/kf/H0e45587154434719a34875775c46f224H/Spring-Red-Singel-Shoes-Women-2021-Simple-Patent-Leather-Lace-up-Shoes-Fashion-Casual-Thick-Heel.jpg_220x220.jpg,"https://ae04.alicdn.com/kf/H0e45587154434719a34875775c46f224H.jpg,https://ae04.alicdn.com/kf/H95e0a91061a94a549fd71fe9a500685fN.jpg,https://ae04.alicdn.com/kf/H1b7f3a4164674e72be10540452af25cfv.jpg,https://ae04.alicdn.com/kf/H5dec9ebebdff499885a1eb328a05d8951.jpg,",https://www.aliexpress.com/item/1005002067993994.html,67.45,28.33,30.00%,2098-12-31,58%,https://s.click.aliexpress.com/e/_Asc8Ee
Women's Shoes,200133142,2021 Women Warm Snow Boots Female Fur Warm Shoes Winter Casual Flat Ankle Boots Ladies New Fashion Pink Booties Plus Size 43,1005001971088756,https://ae01.alicdn.com/kf/H6a62aa07f05d41df966e773f6c19fe99X/2021-Women-Warm-Snow-Boots-Female-Fur-Warm-Shoes-Winter-Casual-Flat-Ankle-Boots-Ladies-New.jpg_220x220.jpg,"https://ae04.alicdn.com/kf/H6a62aa07f05d41df966e773f6c19fe99X.jpg,https://ae04.alicdn.com/kf/H3aa64a492a344a57a68f45b2e66d7f93A.jpg,https://ae04.alicdn.com/kf/H2bed52656b8841d8bd68a519dfcaf03d7.jpg,https://ae04.alicdn.com/kf/Hc92a1c75fb8c4708b7e31227f2bdc958b.jpg,https://ae04.alicdn.com/kf/H49f635d5f88e4f3f81685815d98214eau.jpg,",https://www.aliexpress.com/item/1005001971088756.html,42.94,19.32,30.00%,2098-12-31,55%,https://s.click.aliexpress.com/e/_9Gu8g2
Women's Shoes,200133142,2021 New Ankle Boots Women Suede Rabbit Winter Fur Warm Shoes Woman Snow Boots Female Plush Lining Ladies Warm Platform Booties,1005001824556882,https://ae01.alicdn.com/kf/H505468c4005548d3b78f48168bd21b639/2021-New-Ankle-Boots-Women-Suede-Rabbit-Winter-Fur-Warm-Shoes-Woman-Snow-Boots-Female-Plush.jpg_220x220.jpg,"https://ae04.alicdn.com/kf/H505468c4005548d3b78f48168bd21b639.jpg,https://ae04.alicdn.com/kf/Hf1620e5bc5f245d98c9a6e5875e7b167K.jpg,https://ae04.alicdn.com/kf/Hfe6076bf565447458b4121e08b20df55O.jpg,https://ae04.alicdn.com/kf/He8966adb1fcc42229236348f6d032b0f9.jpg,https://ae04.alicdn.com/kf/H8cd750cde4034f9a9d05941157672d25S.jpg,",https://www.aliexpress.com/item/1005001824556882.html,63.24,27.83,30.00%,2098-12-31,56%,https://s.click.aliexpress.com/e/_9wQ5Jk
Women's Shoes,200133142,Women Fashion Summer Shoes 2021 Black Casual Thick Heel Zipper Sandals Ladies Hollow Out Fish's Mouth Female Big Size 43,1005002073007858,https://ae01.alicdn.com/kf/H88b2edf3b4ed4068b492698919023fd93/Women-Fashion-Summer-Shoes-2021-Black-Casual-Thick-Heel-Zipper-Sandals-Ladies-Hollow-Out-Fish-s.jpg_220x220.jpg,"https://ae04.alicdn.com/kf/H88b2edf3b4ed4068b492698919023fd93.jpg,https://ae04.alicdn.com/kf/H683c9931256e4243a32221d8b8f0eaa3K.jpg,https://ae04.alicdn.com/kf/H75917f56e0084bb69547ac7c2e943e6fT.jpg,https://ae04.alicdn.com/kf/Hfdcd9ab2116d4435ae7b63f5962e2e9c7.jpg,",https://www.aliexpress.com/item/1005002073007858.html,67.41,28.31,30.00%,2098-12-31,58%,https://s.click.aliexpress.com/e/_Ap3BUI
Women's Shoes,200133142,Winter Warm Snow Boots Women 2021 Warm Fur Ankle Boots Flat Thick Shoes Fashion Female Casual Grey Booties Plus Size 41,1005001712169661,https://ae01.alicdn.com/kf/H00d550c10ebb4dd7867b2eec1e4f55747/Winter-Warm-Snow-Boots-Women-2021-Warm-Fur-Ankle-Boots-Flat-Thick-Shoes-Fashion-Female-Casual.jpg_220x220.jpg,"https://ae04.alicdn.com/kf/H00d550c10ebb4dd7867b2eec1e4f55747.jpg,https://ae04.alicdn.com/kf/Ha78202cb141445cbb3c95e58ed78a7c6h.jpg,https://ae04.alicdn.com/kf/Hfe6bbad5ec6445caa2dd5c0a2722cb6dA.jpg,https://ae04.alicdn.com/kf/H72bf98902f7d4a65be3dc031bfc1c8aau.jpg,https://ae04.alicdn.com/kf/H7172ce41c9ef4ef5b6b24a6852f20be6T.jpg,",https://www.aliexpress.com/item/1005001712169661.html,59.50,23.80,30.00%,2098-12-31,60%,https://s.click.aliexpress.com/e/_A8rNHg
Women's Shoes,200133142,2020 Fashion Women's Short Chelsea Boots Women Winter Ankle Boots Square Heel Shoes Female Autumn Leopard Pointed Toe Booties,1005001688802749,https://ae01.alicdn.com/kf/H2656062ba2a8455cba5344eff39bd512H/2020-Fashion-Women-s-Short-Chelsea-Boots-Women-Winter-Ankle-Boots-Square-Heel-Shoes-Female-Autumn.jpg_220x220.jpg,"https://ae04.alicdn.com/kf/H2656062ba2a8455cba5344eff39bd512H.jpg,https://ae04.alicdn.com/kf/H72399b37a0d543128dce4397c883b3c2S.jpg,https://ae04.alicdn.com/kf/H163640020a4f48c3b8fbe8df239ed25ee.jpg,https://ae04.alicdn.com/kf/H2f74b071877048e9a998d2fdffd8d2642.jpg,https://ae04.alicdn.com/kf/Hcf22809e16d64b49a339e39c478e740c1.jpg,",https://www.aliexpress.com/item/1005001688802749.html,59.50,23.80,30.00%,2098-12-31,60%,https://s.click.aliexpress.com/e/_AcLJuA
Women's Shoes,200133142,2021 Sexy Thin High Heels Women Pumps Shoes For Woman Pointed Toe Summer Autumn Printing Patent Leather Female Fashion Pumps,1005001631849748,https://ae01.alicdn.com/kf/H7e386b3158cd455d8cfc6f7afd71b30c1/2021-Sexy-Thin-High-Heels-Women-Pumps-Shoes-For-Woman-Pointed-Toe-Summer-Autumn-Printing-Patent.jpg_220x220.jpg,"https://ae04.alicdn.com/kf/H7e386b3158cd455d8cfc6f7afd71b30c1.jpg,https://ae04.alicdn.com/kf/H84545e750afa4f0e93ee3bd37a980054y.jpg,https://ae04.alicdn.com/kf/Hf3c4fdd4d47c49bf988305dfa84f4e3a6.jpg,https://ae04.alicdn.com/kf/H60dce26710344888b8694cb8fa62fa672.jpg,https://ae04.alicdn.com/kf/Hea95e39f689f48c5baa8dfb5ed0a6f09s.jpg,",https://www.aliexpress.com/item/1005001631849748.html,52.36,20.42,30.00%,2098-12-31,61%,https://s.click.aliexpress.com/e/_AP0oFY
Women's Shoes,200133142,2021 New Women Pumps Black High Heels Shoes Ladies Casual Thin Heel Shoe Autumn Pointed Single Shoes Female Casual Sandals,1005001975288236,https://ae01.alicdn.com/kf/H90d88fdaa2564b89b7a13ab5f642078ak/2021-New-Women-Pumps-Black-High-Heels-Shoes-Ladies-Casual-Thin-Heel-Shoe-Autumn-Pointed-Single.jpg_220x220.jpg,"https://ae04.alicdn.com/kf/H90d88fdaa2564b89b7a13ab5f642078ak.jpg,https://ae04.alicdn.com/kf/Haa2ae1a7fa87449bba3912e5f6ab758au.jpg,https://ae04.alicdn.com/kf/H63afc8280fd44d419007d80b00c045c3l.jpg,https://ae04.alicdn.com/kf/Hd719a6b1a7d2407b938ff8199d967912I.jpg,https://ae04.alicdn.com/kf/Hc03fca1817f249ba86815c075e8a7828N.jpg,",https://www.aliexpress.com/item/1005001975288236.html,43.60,19.62,30.00%,2098-12-31,55%,https://s.click.aliexpress.com/e/_9HU6mW
Women's Shoes,200133142,Black Women's Luxury Ankle Boots Women Chelsea Chunky Low Heel Boots Female Platform Shoes Ladies Spring New G Brand Booties,1005001883872311,https://ae01.alicdn.com/kf/H0859a20bad934322956d7ede5cbb4d7dS/Black-Women-s-Luxury-Ankle-Boots-Women-Chelsea-Chunky-Low-Heel-Boots-Female-Platform-Shoes-Ladies.jpg_220x220.jpg,"https://ae04.alicdn.com/kf/H0859a20bad934322956d7ede5cbb4d7dS.jpg,https://ae04.alicdn.com/kf/H7722f8264f584f098794cb44b33ee79cl.jpg,https://ae04.alicdn.com/kf/H04c27c8c70b54c7692ea44627ceaf62ch.jpg,https://ae04.alicdn.com/kf/Hcc44ee3cdbca4a6da2304fc255c97a1fN.jpg,https://ae04.alicdn.com/kf/Hc874f0b1f0924d81a2e65e900c2110c4l.jpg,",https://www.aliexpress.com/item/1005001883872311.html,96.57,50.22,10.00%,2098-12-31,48%,https://s.click.aliexpress.com/e/_AMegGK
Women's Shoes,200133142,Women Sexy High Heels Over The Knee Boots Female Red Thigh High Boots Zipper Shoes Ladies Autumn Winter Long Boots Plus Size 43,1005001844467288,https://ae01.alicdn.com/kf/Ha71eea77dcc34c9baae399965b0fc446s/Women-Sexy-High-Heels-Over-The-Knee-Boots-Female-Red-Thigh-High-Boots-Zipper-Shoes-Ladies.jpg_220x220.jpg,"https://ae04.alicdn.com/kf/Ha71eea77dcc34c9baae399965b0fc446s.jpg,https://ae04.alicdn.com/kf/Hb18b2b4b3bdb4cf0b52cc088d1e55e0dO.jpg,https://ae04.alicdn.com/kf/He39ec393ce06452987b3766ef41f81fbM.jpg,https://ae04.alicdn.com/kf/Hb508b5050bcf437ba341a492f08e2868A.jpg,https://ae04.alicdn.com/kf/H1613307ff9f549c283ba3aaabc09a73cN.jpg,",https://www.aliexpress.com/item/1005001844467288.html,68.17,30.68,30.00%,2098-12-31,55%,https://s.click.aliexpress.com/e/_97NiNk
Women's Shoes,200133142,2021 Sexy Thin High Heels Women Black Pumps Shoes Woman Spring Autumn Ladies White Casual Patent Leather Pumps Plus Size 43,1005001843648813,https://ae01.alicdn.com/kf/H2a5263267dc14572a38e910c8ef99a27S/2021-Sexy-Thin-High-Heels-Women-Black-Pumps-Shoes-Woman-Spring-Autumn-Ladies-White-Casual-Patent.jpg_220x220.jpg,"https://ae04.alicdn.com/kf/H2a5263267dc14572a38e910c8ef99a27S.jpg,https://ae04.alicdn.com/kf/H544c9d4d4f904a92951fb3d005c0c90cd.jpg,https://ae04.alicdn.com/kf/Hb4d634c76bb54dd58a1f83ccfea63c1bi.jpg,https://ae04.alicdn.com/kf/H87290ad4d3334b07adebcd781fee0e46V.jpg,https://ae04.alicdn.com/kf/H68ab0b79a7f249248ce7dee3ff9e6e3d2.jpg,",https://www.aliexpress.com/item/1005001843648813.html,51.97,23.39,30.00%,2098-12-31,55%,https://s.click.aliexpress.com/e/_ACSEAe
Women's Shoes,200133142,2021 New Summer Woman Pumps Sandals Block Stable High Heels Female Round Toe Casual Buckle Thick  Lady Sexy Party Shoes,1005001940463657,https://ae01.alicdn.com/kf/H5980729a726a42b98a2541423afa572a4/2021-New-Summer-Woman-Pumps-Sandals-Block-Stable-High-Heels-Female-Round-Toe-Casual-Buckle-Thick.jpg_220x220.jpg,"https://ae04.alicdn.com/kf/H5980729a726a42b98a2541423afa572a4.jpg,https://ae04.alicdn.com/kf/Hb4fdcc5a10e14830b07ddc62f1aa196bF.jpg,https://ae04.alicdn.com/kf/H8a71dc3525a244bfad76c2de7b75d84fN.jpg,https://ae04.alicdn.com/kf/Hf4213f165d25481ab052e1296387b331G.jpg,https://ae04.alicdn.com/kf/H32ca744dce3d4884ae2ea0f7fdc49f0fc.jpg,",https://www.aliexpress.com/item/1005001940463657.html,52.85,23.25,30.00%,2098-12-31,56%,https://s.click.aliexpress.com/e/_AlJYnY
Women's Shoes,200133142,2021 New Women's Winter Knee High Boots Women Fashion Brown Long Boots Western Cowboy Boots Female Mid Heel Shoes Plus Size 43,1005001685619689,https://ae01.alicdn.com/kf/H184076427b814b388f3da051442df646d/-2021-New-Women-s-Winter-Knee-High-Boots-Women-Fashion-Brown-Long-Boots-Western-Cowboy.jpg_220x220.jpg,"https://ae04.alicdn.com/kf/H184076427b814b388f3da051442df646d.jpg,https://ae04.alicdn.com/kf/H076bd36d0d1e4b91a1a2f12b90f575ebV.jpg,https://ae04.alicdn.com/kf/Hedc84e85f6c5478d917fc341cbe3aa84T.jpg,https://ae04.alicdn.com/kf/Ha019d0041f2940e2bfba1898d41cf1f00.jpg,https://ae04.alicdn.com/kf/Hd6fb90be070c4f8ebe02a0392e2882605.jpg,",https://www.aliexpress.com/item/1005001685619689.html,84.43,37.15,30.00%,2098-12-31,56%,https://s.click.aliexpress.com/e/_AYxQ0S
Women's Shoes,200133142,Women's Suede Ankle Boots Women 2021 Winter Black Chunky Heels Snow Boots Woman Shoes Winter Ladies Zipper Booties Plus Size 44,1005001714964517,https://ae01.alicdn.com/kf/Hccdaa02c523a471ba6d9abe6e1f0394fR/Women-s-Suede-Ankle-Boots-Women-2021-Winter-Black-Chunky-Heels-Snow-Boots-Woman-Shoes-Winter.jpg_220x220.jpg,"https://ae04.alicdn.com/kf/Hccdaa02c523a471ba6d9abe6e1f0394fR.jpg,https://ae04.alicdn.com/kf/H8817cbb847cd448983a23a0fab625462W.jpg,https://ae04.alicdn.com/kf/Hb511e298c05d43df84a17e3bcb6b14c2K.jpg,https://ae04.alicdn.com/kf/H0ec03485f2f34898af974e7ee2edb3039.jpg,https://ae04.alicdn.com/kf/H7b5f15d5cff545c293d012e159cb704ce.jpg,",https://www.aliexpress.com/item/1005001714964517.html,54.00,23.76,30.00%,2098-12-31,56%,https://s.click.aliexpress.com/e/_9RaKT0
Women's Shoes,200133142,2021 Women Western Cowboy Knee High Boots Female Embroider Low Heels Shoes Autumn Winter Ladies Fashion Long Boot Plus Size 43,1005001547215529,https://ae01.alicdn.com/kf/H6869f7f9b85748f8af257bacbdfd204bf/2021-Women-Western-Cowboy-Knee-High-Boots-Female-Embroider-Low-Heels-Shoes-Autumn-Winter-Ladies-Fashion.jpg_220x220.jpg,"https://ae04.alicdn.com/kf/H6869f7f9b85748f8af257bacbdfd204bf.jpg,https://ae04.alicdn.com/kf/H71e89019bb134867bf33006694b8cb3eQ.jpg,https://ae04.alicdn.com/kf/Hcabd0c2e84f84ba4b9be89e255bc9760q.jpg,https://ae04.alicdn.com/kf/Hd1adaa7bd9814c0d9e5c110945aeae4aU.jpg,https://ae04.alicdn.com/kf/H8aca4671941848759f65c8785b5127ddn.jpg,",https://www.aliexpress.com/item/1005001547215529.html,76.05,31.94,30.00%,2098-12-31,58%,https://s.click.aliexpress.com/e/_9fNrce
Women's Shoes,200133142,Women's Ankel Chelsea Boots Women Square Heels Round Toe Fashion Black Boots Back Metal Buckle Booties 2021 Female Short Shoes,1005001593504275,https://ae01.alicdn.com/kf/H47abc53db5c44d3795c1edbf0d6f433aa/-Women-s-Ankel-Chelsea-Boots-Women-Square-Heels-Round-Toe-Fashion-Black-Boots-Back-Metal.jpg_220x220.jpg,"https://ae04.alicdn.com/kf/H47abc53db5c44d3795c1edbf0d6f433aa.jpg,https://ae04.alicdn.com/kf/Hf50934fb16ca43d3af290a2ea639e210O.jpg,https://ae04.alicdn.com/kf/Ha5c76e977aac415dba358fa70dbb93b9n.jpg,https://ae04.alicdn.com/kf/Hf8113d7c19d74e60874d46eb58ed5cebj.jpg,https://ae04.alicdn.com/kf/H9138520700874eb9b6d26896de613d78B.jpg,",https://www.aliexpress.com/item/1005001593504275.html,43.32,18.19,30.00%,2098-12-31,58%,https://s.click.aliexpress.com/e/_Ak194Q
Women's Shoes,200133142,Sexy Over Knee High Boots Suede Square Heel Ladies Shoes Black High Heels Boots Female Winter Fashion Long Boot Plus Size 43,1005001685220633,https://ae01.alicdn.com/kf/H01653904311142bbb27290e298b610338/Sexy-Over-Knee-High-Boots-Suede-Square-Heel-Ladies-Shoes-Black-High-Heels-Boots-Female-Winter.jpg_220x220.jpg,"https://ae04.alicdn.com/kf/H01653904311142bbb27290e298b610338.jpg,https://ae04.alicdn.com/kf/Hb5c3a4bf5d5a4b16aeeafaa0b808f9e6s.jpg,https://ae04.alicdn.com/kf/H7980e4f4ddad4c9aa2a04a2734d207284.jpg,https://ae04.alicdn.com/kf/He43467b24d654eb0af2dfa04ac24f1eeH.jpg,https://ae04.alicdn.com/kf/Hb754d178aa834f78bb31d8ae61105d79z.jpg,",https://www.aliexpress.com/item/1005001685220633.html,66.00,27.72,30.00%,2098-12-31,58%,https://s.click.aliexpress.com/e/_AXWdVu
Women's Shoes,200133142,2021 Women's Sexy Knee High Boots Women Fashion Classic Flat Boots Ladies Winter Leather Wedge Pleated Shoes Female Long Boots,1005001685730155,https://ae01.alicdn.com/kf/He7abb128e94a4c84a69e2597e7f2e62ah/2021-Women-s-Sexy-Knee-High-Boots-Women-Fashion-Classic-Flat-Boots-Ladies-Winter-Leather-Wedge.jpg_220x220.jpg,"https://ae04.alicdn.com/kf/He7abb128e94a4c84a69e2597e7f2e62ah.jpg,https://ae04.alicdn.com/kf/H5c65fcf79e6f410f9f1bd573d56f2231u.jpg,https://ae04.alicdn.com/kf/Ha911367075094175b6f748dd91da1b90f.jpg,https://ae04.alicdn.com/kf/H331ef8ae9c644a7292c139b11a86998a7.jpg,https://ae04.alicdn.com/kf/H7ec97b83ecce4d20aef32c2cb38913eeb.jpg,",https://www.aliexpress.com/item/1005001685730155.html,53.24,22.36,30.00%,2098-12-31,58%,https://s.click.aliexpress.com/e/_9z6PYI
Women's Shoes,200133142,Women's Sexy Suede Ankle Boots Women Winter Zipper Pointed Toe Shoes Warm Chunky Heels Short Boots 2021 Fashion Female Booties,1005001921609171,https://ae01.alicdn.com/kf/H618f45c37f8d4bbebbb9d1a60192a099T/Women-s-Sexy-Suede-Ankle-Boots-Women-Winter-Zipper-Pointed-Toe-Shoes-Warm-Chunky-Heels-Short.jpg_220x220.jpg,"https://ae04.alicdn.com/kf/H618f45c37f8d4bbebbb9d1a60192a099T.jpg,https://ae04.alicdn.com/kf/H66fddde5837a4e32900b3fdd8469cbe9U.jpg,https://ae04.alicdn.com/kf/H505f8c55e50b47e8a44c1d2334416827E.jpg,https://ae04.alicdn.com/kf/Hca9b2bc4acd44d8c8031731d0a0653a2A.jpg,https://ae04.alicdn.com/kf/Hc0f76ce96c83411593bf341fd97468efN.jpg,",https://www.aliexpress.com/item/1005001921609171.html,61.95,26.02,30.00%,2098-12-31,58%,https://s.click.aliexpress.com/e/_A10MOQ
Women's Shoes,200133142,Women Summer Boots 2021 New Mid-calf Transparent Crystal Thick Heel Boots Ladies Fashion Slip-on Waterproof Long Boots,1005002053203616,https://ae01.alicdn.com/kf/Hcf82da7436a54325aae8c8bb10af10b8x/Women-Summer-Boots-2021-New-Mid-calf-Transparent-Crystal-Thick-Heel-Boots-Ladies-Fashion-Slip-on.jpg_220x220.jpg,"https://ae04.alicdn.com/kf/Hcf82da7436a54325aae8c8bb10af10b8x.jpg,https://ae04.alicdn.com/kf/H35fc48e205d84c4f96904bc0178978aa1.jpg,https://ae04.alicdn.com/kf/H6d2be321f4284442b7db7dae644cd835f.jpg,https://ae04.alicdn.com/kf/Hc720125484514df3920710a007ea7b82U.jpg,https://ae04.alicdn.com/kf/H618707f22bbf4656b1a91673d4f0a4b4n.jpg,",https://www.aliexpress.com/item/1005002053203616.html,77.49,,30.00%,2098-12-31,null%,https://s.click.aliexpress.com/e/_9JUI1y
Women's Shoes,200133142,Women's Ankle Boots Women High Heels Short Boots 2021 Winter Ladies New Pointed Zipper Shoes Female Party Booties Plus Size 46,1005001713137681,https://ae01.alicdn.com/kf/H94858e56c7cc43e4b2317ede9f6b94ed9/Women-s-Ankle-Boots-Women-High-Heels-Short-Boots-2021-Winter-Ladies-New-Pointed-Zipper-Shoes.jpg_220x220.jpg,"https://ae04.alicdn.com/kf/H94858e56c7cc43e4b2317ede9f6b94ed9.jpg,https://ae04.alicdn.com/kf/Hb91bd16ab02d47388cf445089be9dc74b.jpg,https://ae04.alicdn.com/kf/Hd7b26714fb18492bbcc52da62c77423bD.jpg,https://ae04.alicdn.com/kf/Hb890c857213048a5b7f7761178009acaG.jpg,https://ae04.alicdn.com/kf/H33c17694f3f64a2eae9371e27e71d01ew.jpg,",https://www.aliexpress.com/item/1005001713137681.html,58.65,24.63,30.00%,2098-12-31,58%,https://s.click.aliexpress.com/e/_All6h4
Women's Shoes,200133142,Summer Flat Shoes Women Brown Simple Flip Flops Pu Leather 2021 New Fashion Outside Sandals Ladies Casual Metal Shoes,1005002063209776,https://ae01.alicdn.com/kf/Hcda15861bdea42b58a446a0d4e0346e2B/Summer-Flat-Shoes-Women-Brown-Simple-Flip-Flops-Pu-Leather-2021-New-Fashion-Outside-Sandals-Ladies.jpg_220x220.jpg,"https://ae04.alicdn.com/kf/Hcda15861bdea42b58a446a0d4e0346e2B.jpg,https://ae04.alicdn.com/kf/H8e9a974a613a4cc1893deed15fc0e96a2.jpg,https://ae04.alicdn.com/kf/Hc65ae265043846a7b247f3b7bbcf827fI.jpg,https://ae04.alicdn.com/kf/Hb7ece4c777de44c9b3e945508c927d53n.jpg,https://ae04.alicdn.com/kf/H26b52f76c3d14de9be312278793096c8E.jpg,",https://www.aliexpress.com/item/1005002063209776.html,61.31,25.75,30.00%,2098-12-31,58%,https://s.click.aliexpress.com/e/_AfbXXM
Women's Shoes,200133142,2021 New Ankle Boots Women Short Chelsea Boots Female Mid Heels Shoes Woman Spring Fashion Square Heel Booties Plus Size 45,1005002023493437,https://ae01.alicdn.com/kf/H1dcfdeb892124020a77394373db2d0a5g/2021-New-Ankle-Boots-Women-Short-Chelsea-Boots-Female-Mid-Heels-Shoes-Woman-Spring-Fashion-Square.jpg_220x220.jpg,"https://ae04.alicdn.com/kf/H1dcfdeb892124020a77394373db2d0a5g.jpg,https://ae04.alicdn.com/kf/Ha7cf2608e59b41aa97a2f03f1c65fcaca.jpg,https://ae04.alicdn.com/kf/H863b755b2dc7486b8349f289a1851502o.jpg,https://ae04.alicdn.com/kf/H74fd085850234de38c7c78c570eae6bad.jpg,https://ae04.alicdn.com/kf/H98f5ac5f3236459480473e006cc73ba7T.jpg,",https://www.aliexpress.com/item/1005002023493437.html,67.11,,30.00%,2098-12-31,null%,https://s.click.aliexpress.com/e/_ABCb6K
Women's Shoes,200133142,women Snow Boots 2021 New Winter fashion warm fur Flat Shoes Ladies Round Toe Bling Platform Booties Female Fashion Simple Boot,1005002001900127,https://ae01.alicdn.com/kf/H2fd0f685528149f08f4d55abb89227daq/women-Snow-Boots-2021-New-Winter-fashion-warm-fur-Flat-Shoes-Ladies-Round-Toe-Bling-Platform.jpg_220x220.jpg,"https://ae04.alicdn.com/kf/H2fd0f685528149f08f4d55abb89227daq.jpg,https://ae04.alicdn.com/kf/Hfc217a795d024914859f9959027c8406Q.jpg,https://ae04.alicdn.com/kf/Hef75964937584bdb8d31995e0f108b16H.jpg,https://ae04.alicdn.com/kf/Ha7ee2b4bd20b42cda3278ad687ba05ecT.jpg,https://ae04.alicdn.com/kf/Hd248b4bdb5a8474691555fcac6d6f45dG.jpg,",https://www.aliexpress.com/item/1005002001900127.html,68.40,,30.00%,2098-12-31,null%,https://s.click.aliexpress.com/e/_9ImxX4
Women's Shoes,200133142,2021 Winter Martin Boots Fur Ankle Boots Round Toe Non Slip Women Flock Shoes Fashion Lace Up Boots Zipper Buckle Plus Size33-44,1005001997718260,https://ae01.alicdn.com/kf/H8a09e5db7a75427b87427848bb0257b1T/2021-Winter-Martin-Boots-Fur-Ankle-Boots-Round-Toe-Non-Slip-Women-Flock-Shoes-Fashion-Lace.jpg_220x220.jpg,"https://ae04.alicdn.com/kf/H8a09e5db7a75427b87427848bb0257b1T.jpg,https://ae04.alicdn.com/kf/H4eb19176ccf44376a151f4e2353d951ap.jpg,https://ae04.alicdn.com/kf/Hec3aa745f07a47aeb843f5c7e49da87fW.jpg,https://ae04.alicdn.com/kf/H1c5bc2d8f91243cea03fc07857256960r.jpg,https://ae04.alicdn.com/kf/H7caa326d6bb44d7e9b913b176c65cf99f.jpg,",https://www.aliexpress.com/item/1005001997718260.html,80.76,,30.00%,2098-12-31,null%,https://s.click.aliexpress.com/e/_AKcuNM
Women's Shoes,200133142,2021 Women Ankle Boots Block High Heels Botas Sexy Leather Pointed Toe Short Boots Autumn Plus Size Female New Fashion Shoes,1005002002124960,https://ae01.alicdn.com/kf/Hf83bf107cc574db7ad8b2bbd73d4febbM/2021-Women-Ankle-Boots-Block-High-Heels-Botas-Sexy-Leather-Pointed-Toe-Short-Boots-Autumn-Plus.jpg_220x220.jpg,"https://ae04.alicdn.com/kf/Hf83bf107cc574db7ad8b2bbd73d4febbM.jpg,https://ae04.alicdn.com/kf/H7623d3cea8af42f4a5a264ae66bd342fr.jpg,https://ae04.alicdn.com/kf/H46121071d22246b991e8c8b71ad715b4Q.jpg,https://ae04.alicdn.com/kf/H6afadc9385574bfbb7d4382f3a920581b.jpg,https://ae04.alicdn.com/kf/H6d4e62de58c8424db883405bd292f10dy.jpg,",https://www.aliexpress.com/item/1005002002124960.html,62.84,,30.00%,2098-12-31,null%,https://s.click.aliexpress.com/e/_9gD40K
Women's Shoes,200133142,Women Mixed Colors Chelsea Chunky Heel Boots Autumn Winter Ankle Shiny Patent Leather Silver Booties Female Waterproof Shoes,1005002002149719,https://ae01.alicdn.com/kf/He054ede7162046a8bebcfb4812aec38d9/Women-Mixed-Colors-Chelsea-Chunky-Heel-Boots-Autumn-Winter-Ankle-Shiny-Patent-Leather-Silver-Booties-Female.jpg_220x220.jpg,"https://ae04.alicdn.com/kf/He054ede7162046a8bebcfb4812aec38d9.jpg,https://ae04.alicdn.com/kf/H654c5ad7fa4945e381cc2979690cee981.jpg,https://ae04.alicdn.com/kf/H49891bf132f248c99198941638a24787c.jpg,https://ae04.alicdn.com/kf/Hffcbd29efbfc4bed8f5e1bcf437dbb9cD.jpg,https://ae04.alicdn.com/kf/H6f9aab71da424db6b739ff2c8531effc8.jpg,",https://www.aliexpress.com/item/1005002002149719.html,54.92,,30.00%,2098-12-31,null%,https://s.click.aliexpress.com/e/_AZXxyI
Women's Shoes,200133142,Winter Snow Boots Women 2021 Red Black Ankle Boots Female Flat Platform Shoes Ladies Turned Over Edge Warm Fur Booties,1005001997642958,https://ae01.alicdn.com/kf/H551ee7be6c354a5aa486b4bdc359edd2z/Winter-Snow-Boots-Women-2021-Red-Black-Ankle-Boots-Female-Flat-Platform-Shoes-Ladies-Turned-Over.jpg_220x220.jpg,"https://ae04.alicdn.com/kf/H551ee7be6c354a5aa486b4bdc359edd2z.jpg,https://ae04.alicdn.com/kf/H37cbd1dae58640e795e31559e050bfd3j.jpg,https://ae04.alicdn.com/kf/H29d09d873e0047b4a3c57c2d47bdf6afT.jpg,https://ae04.alicdn.com/kf/H4c604da72437438da6cf7c5bbf4c0362D.jpg,https://ae04.alicdn.com/kf/H0ad5e779650440d2bf36c6b369e4b79aX.jpg,",https://www.aliexpress.com/item/1005001997642958.html,55.37,,30.00%,2098-12-31,null%,https://s.click.aliexpress.com/e/_9uQzVY
Women's Shoes,200133142,2021 Women's Winter Snow Boots Women Female Warm Shoes Waterproof Non-slip Ladies Warm Thick White Long Snow Boots Plus Size 44,1005001658179851,https://ae01.alicdn.com/kf/H8922dfe7523a4bc8b25307bedef0c2d8t/2021-Women-s-Winter-Snow-Boots-Women-Female-Warm-Shoes-Waterproof-Non-slip-Ladies-Warm-Thick.jpg_220x220.jpg,"https://ae04.alicdn.com/kf/H8922dfe7523a4bc8b25307bedef0c2d8t.jpg,https://ae04.alicdn.com/kf/Hae29a1f2a1674b0cb481f5dbaf3dd973l.jpg,https://ae04.alicdn.com/kf/He865ad686cf54973b9ffa0d4ec996c85m.jpg,https://ae04.alicdn.com/kf/Hed0b0894e4774ae2b8ebff9284c9537cI.jpg,https://ae04.alicdn.com/kf/H748e83fc95824f86a0782a01d11f29488.jpg,",https://www.aliexpress.com/item/1005001658179851.html,80.00,32.00,30.00%,2098-12-31,60%,https://s.click.aliexpress.com/e/_Aqd5IS
Women's Shoes,200133142,Women Black Sexy Long Boots 2021 Women's Vintage Buckle Riding High Boots Female Combat Boot Ladies Low Heels Shoes Plus Size 43,1005001882338260,https://ae01.alicdn.com/kf/Hf41d3f880d9a4baaa77466c341434c0b3/Women-Black-Sexy-Long-Boots-2021-Women-s-Vintage-Buckle-Riding-High-Boots-Female-Combat-Boot.jpg_220x220.jpg,"https://ae04.alicdn.com/kf/Hf41d3f880d9a4baaa77466c341434c0b3.jpg,https://ae04.alicdn.com/kf/H6b7f6f8260cd4beea098170bd1722696X.jpg,https://ae04.alicdn.com/kf/Hc659ede95f1141609a78f5320e7e85f95.jpg,https://ae04.alicdn.com/kf/H0e963c705c644ba59d955b93fbe68e18K.jpg,https://ae04.alicdn.com/kf/H4672a8dc960e48b79c10fb0b52280e88L.jpg,",https://www.aliexpress.com/item/1005001882338260.html,78.42,40.78,30.00%,2098-12-31,48%,https://s.click.aliexpress.com/e/_ALKjse
Women's Shoes,200133142,2021 Women Western Mid-calf Boots Female Autumn Winter Leather Riding High Heels Boots Ladies Fashion Zipper Shoes Plus Size 43,1005001998214074,https://ae01.alicdn.com/kf/Hbaa8561b2e954a7584528666a34d00ecr/2021-Women-Western-Mid-calf-Boots-Female-Autumn-Winter-Leather-Riding-High-Heels-Boots-Ladies-Fashion.jpg_220x220.jpg,"https://ae04.alicdn.com/kf/Hbaa8561b2e954a7584528666a34d00ecr.jpg,https://ae04.alicdn.com/kf/H6f6160d6885245d6812583f1073c12517.jpg,https://ae04.alicdn.com/kf/Hdaea11424d9e4cd599dc73423669d7e6u.jpg,https://ae04.alicdn.com/kf/H6d83c59c38be49ca99b7d09a6a96c80bc.jpg,https://ae04.alicdn.com/kf/H06439d5ff94f423ea947d2f6c42d3dfdi.jpg,",https://www.aliexpress.com/item/1005001998214074.html,61.09,31.77,30.00%,2098-12-31,48%,https://s.click.aliexpress.com/e/_9hPnLc
Women's Shoes,200133142,Vintage Western Boots Women 2021 Embroidered Round Toe Shoes Thick Heel Autumn Brown Cowboy Boots Female Fashion Riding Booties,1005001737425990,https://ae01.alicdn.com/kf/H879706e8ba9249c68322d4ccc027013fS/-Vintage-Western-Boots-Women-2021-Embroidered-Round-Toe-Shoes-Thick-Heel-Autumn-Brown-Cowboy-Boots.jpg_220x220.jpg,"https://ae04.alicdn.com/kf/H879706e8ba9249c68322d4ccc027013fS.jpg,https://ae04.alicdn.com/kf/H6763548f1cce4a6e84a41df5eb9d8900a.jpg,https://ae04.alicdn.com/kf/H64833958541543eaa4f2cecfb87d677bV.jpg,https://ae04.alicdn.com/kf/H81b094178a0f471fb4bbe964532f25f2s.jpg,https://ae04.alicdn.com/kf/He6edfcc7d97b44f5be72cd8115300910S.jpg,",https://www.aliexpress.com/item/1005001737425990.html,75.52,31.72,30.00%,2098-12-31,58%,https://s.click.aliexpress.com/e/_AmTV7y
Women's Shoes,200133142,Elastic Sock Long Boots Women Thin High Heels Boots Sexy Ladies Shoes Platform 2021 New Fashion Over The Knee Boots Plus Size 42,1005001677988213,https://ae01.alicdn.com/kf/H7c60122dee8948f58a474c29f0dd09c8V/Elastic-Sock-Long-Boots-Women-Thin-High-Heels-Boots-Sexy-Ladies-Shoes-Platform-2021-New-Fashion.jpg_220x220.jpg,"https://ae04.alicdn.com/kf/H7c60122dee8948f58a474c29f0dd09c8V.jpg,https://ae04.alicdn.com/kf/H16a5aa4047fb4a6d9ae676055e4ba42e6.jpg,https://ae04.alicdn.com/kf/H049b751ecfbd4ed8b072baa1457f721eq.jpg,https://ae04.alicdn.com/kf/H54cd8338c8d64a9f9e42d3dcc5f3de3bK.jpg,https://ae04.alicdn.com/kf/H558c4d5ec9b94dbe99e584394cabe4ad1.jpg,",https://www.aliexpress.com/item/1005001677988213.html,81.20,32.48,30.00%,2098-12-31,60%,https://s.click.aliexpress.com/e/_AgtSSe
Women's Shoes,200133142,Spring Singel Shoes Women Fashion Black Patent Leather Shallow Mouth Shoes 2021 Thick Sole Platform Shoes Ladies Lace-up Shoes,1005002073511483,https://ae01.alicdn.com/kf/H5258e1509a0e4e6d832ac4081cd8864dC/Spring-Singel-Shoes-Women-Fashion-Black-Patent-Leather-Shallow-Mouth-Shoes-2021-Thick-Sole-Platform-Shoes.jpg_220x220.jpg,"https://ae04.alicdn.com/kf/H5258e1509a0e4e6d832ac4081cd8864dC.jpg,https://ae04.alicdn.com/kf/H8c35350af0244195a510d501420a42d7Y.jpg,https://ae04.alicdn.com/kf/H47dce920980d468baff1bf174958cc1df.jpg,https://ae04.alicdn.com/kf/H5b0022485f0044418a6b1bcd1ab3481aD.jpg,https://ae04.alicdn.com/kf/H71beae51061946dda103f6095741365bW.jpg,",https://www.aliexpress.com/item/1005002073511483.html,74.14,31.14,30.00%,2098-12-31,58%,https://s.click.aliexpress.com/e/_9RgUEI
Women's Shoes,200133142,Women Brown Chelsea Boots 2021 New Autumn Fringe Pendants Ankle Boots Women Fashion Retro Suede Shoes Ladies,1005002062843929,https://ae01.alicdn.com/kf/Haefb984aeb094816a642a20c40353e91H/Women-Brown-Chelsea-Boots-2021-New-Autumn-Fringe-Pendants-Ankle-Boots-Women-Fashion-Retro-Suede-Shoes.jpg_220x220.jpg,"https://ae04.alicdn.com/kf/Haefb984aeb094816a642a20c40353e91H.jpg,https://ae04.alicdn.com/kf/Hd0d75d8858314896af29d4ea53af3e2dv.jpg,https://ae04.alicdn.com/kf/H5e2a1a653c11480c9afd5f7a0fb61beck.jpg,https://ae04.alicdn.com/kf/Hea4b72e72a1842f299be1aaaed342ffaF.jpg,",https://www.aliexpress.com/item/1005002062843929.html,76.69,32.21,30.00%,2098-12-31,58%,https://s.click.aliexpress.com/e/_AMGwLg
Women's Shoes,200133142,Spring Shoes 2021 Women Ballet Flat Casual Black Pointed Toe Genuine Leather Flat Heel Shoes Ladies Shallow Mouth Shoes,1005002073145670,https://ae01.alicdn.com/kf/Hb7f01f8ba8104ddf9ec980ac62bf19646/Spring-Shoes-2021-Women-Ballet-Flat-Casual-Black-Pointed-Toe-Genuine-Leather-Flat-Heel-Shoes-Ladies.jpg_220x220.jpg,"https://ae04.alicdn.com/kf/Hb7f01f8ba8104ddf9ec980ac62bf19646.jpg,https://ae04.alicdn.com/kf/H9cc2df182ec84dbebc8abc4037a15c9fU.jpg,https://ae04.alicdn.com/kf/H7e48dee10ec6431f8a27d8648857a8fcn.jpg,https://ae04.alicdn.com/kf/H4f1669b42b48492a80aeda7c63a751b5a.jpg,",https://www.aliexpress.com/item/1005002073145670.html,60.59,25.45,30.00%,2098-12-31,58%,https://s.click.aliexpress.com/e/_ASktx4
Women's Shoes,200133142,Sexy Over The Knee Boots Women Summer Thin High Heel Zipper Long Boots Ladies Fashion Cross-tied Peep-toe Boots Female Shoes,1005002073527670,https://ae01.alicdn.com/kf/Hf2e7beaa66c44697a9ca4d98d6555661X/Sexy-Over-The-Knee-Boots-Women-Summer-Thin-High-Heel-Zipper-Long-Boots-Ladies-Fashion-Cross.jpg_220x220.jpg,"https://ae04.alicdn.com/kf/Hf2e7beaa66c44697a9ca4d98d6555661X.jpg,https://ae04.alicdn.com/kf/H00f1572dedee42aa8388a0a70d3950a4P.jpg,https://ae04.alicdn.com/kf/H8df9d30d327a42fdaf8ad0e56fdd3d89x.jpg,",https://www.aliexpress.com/item/1005002073527670.html,85.54,35.93,30.00%,2098-12-31,58%,https://s.click.aliexpress.com/e/_9uojQ2
Women's Shoes,200133142,Women Shoes Autumn Chelsea Back Zippe Ankle Leather Boot Femme Fashion Smooth Square Toe Chunky Heel Pearl Boot 2021,1005001917323314,https://ae01.alicdn.com/kf/H0e8651eb6d20486ba47cb61fa3b05f06S/Women-Shoes-Autumn-Chelsea-Back-Zippe-Ankle-Leather-Boot-Femme-Fashion-Smooth-Square-Toe-Chunky-Heel.jpg_220x220.jpg,"https://ae04.alicdn.com/kf/H0e8651eb6d20486ba47cb61fa3b05f06S.jpg,https://ae04.alicdn.com/kf/Hba711d14fb6745339d00bdc90a4744cdQ.jpg,https://ae04.alicdn.com/kf/H142f69921df9479d80c79ef612b744adT.jpg,https://ae04.alicdn.com/kf/H403ceb2f121342848f1d0b447d0c1926n.jpg,https://ae04.alicdn.com/kf/H8a283297fddd48a7a04f1b3ca37b77df7.jpg,",https://www.aliexpress.com/item/1005001917323314.html,61.07,30.54,30.00%,2098-12-31,50%,https://s.click.aliexpress.com/e/_A55kpk
Women's Shoes,200133142,New Brown High Boots Women 2021 Fashion High Heels Riding Boots Ladies Western Long Boots Female Pointed Toe Shoes Plus Size 43,1005001858713415,https://ae01.alicdn.com/kf/Hd4bc3c38443c4e22b2bf86b3e724f174E/New-Brown-High-Boots-Women-2021-Fashion-High-Heels-Riding-Boots-Ladies-Western-Long-Boots-Female.jpg_220x220.jpg,"https://ae04.alicdn.com/kf/Hd4bc3c38443c4e22b2bf86b3e724f174E.jpg,https://ae04.alicdn.com/kf/H1e230f844133417f8934ae0e1f44fd60M.jpg,https://ae04.alicdn.com/kf/Ha097be8c3b35402289251c413699439ev.jpg,https://ae04.alicdn.com/kf/H1c5b61b268194df086ae43c802aa7396p.jpg,https://ae04.alicdn.com/kf/Hfe8d008042be4f0ca179b92ce55263479.jpg,",https://www.aliexpress.com/item/1005001858713415.html,69.60,30.62,30.00%,2098-12-31,56%,https://s.click.aliexpress.com/e/_9yQSkS
Women's Shoes,200133142,Women's Summer Shoes 2021 Casual Blue Flat Sandals Ladies Thick Sole Hollow Out Flowers Sandals Female Back Strap Shoes,1005002073271996,https://ae01.alicdn.com/kf/Hdc54574acb7043409c41bc80a4b1a3d91/Women-s-Summer-Shoes-2021-Casual-Blue-Flat-Sandals-Ladies-Thick-Sole-Hollow-Out-Flowers-Sandals.jpg_220x220.jpg,"https://ae04.alicdn.com/kf/Hdc54574acb7043409c41bc80a4b1a3d91.jpg,https://ae04.alicdn.com/kf/Hffb8a838ac014711baa5f26e5b9e9f33K.jpg,https://ae04.alicdn.com/kf/Ha51b2a5c07484972ac07c64dd697e721s.jpg,",https://www.aliexpress.com/item/1005002073271996.html,71.61,30.08,30.00%,2098-12-31,58%,https://s.click.aliexpress.com/e/_A333um
Women's Shoes,200133142,Fashion Women's Autumn Sock Boots Women 2021 Chelsea Boots Thin Heel Soft Leather Suede Flats Shoes Woman Winter Short Booties,1005001707837539,https://ae01.alicdn.com/kf/H56eee816708d4d8abc2c17954e0fde05E/Fashion-Women-s-Autumn-Sock-Boots-Women-2021-Chelsea-Boots-Thin-Heel-Soft-Leather-Suede-Flats.jpg_220x220.jpg,"https://ae04.alicdn.com/kf/H56eee816708d4d8abc2c17954e0fde05E.jpg,https://ae04.alicdn.com/kf/H508617b62b0643c698990218b93fcd8e8.jpg,https://ae04.alicdn.com/kf/H38cf21fcfeb34fa6829426841f3797b6t.jpg,https://ae04.alicdn.com/kf/Hb3ef57d4154444d9be43433084299d798.jpg,https://ae04.alicdn.com/kf/H600bb857e5734449b5babf780337ac29C.jpg,",https://www.aliexpress.com/item/1005001707837539.html,67.80,28.48,30.00%,2098-12-31,58%,https://s.click.aliexpress.com/e/_9IuvdY
Women's Shoes,200133142,Fashion Western Boots Women Knee High Cowboy Boots Autumn Fashion Round Toe High Heels Embroider Shoes Ladies Mid Riding Boots,1005001593558303,https://ae01.alicdn.com/kf/H32a57becb6cc4b4b8e7641840a4346b44/Fashion-Western-Boots-Women-Knee-High-Cowboy-Boots-Autumn-Fashion-Round-Toe-High-Heels-Embroider-Shoes.jpg_220x220.jpg,"https://ae04.alicdn.com/kf/H32a57becb6cc4b4b8e7641840a4346b44.jpg,https://ae04.alicdn.com/kf/He8404f9abe2044228a2538f3b310e6c2u.jpg,https://ae04.alicdn.com/kf/Hc0d54881ad4e47bd9619c6cfc2214a2eO.jpg,https://ae04.alicdn.com/kf/H2676a8ed9210442d824ee2c64f35dd03r.jpg,https://ae04.alicdn.com/kf/H5d4c16ffaa194006af38246b693eb9b5h.jpg,",https://www.aliexpress.com/item/1005001593558303.html,63.07,25.23,30.00%,2098-12-31,60%,https://s.click.aliexpress.com/e/_A3zpqS
Women's Shoes,200133142,Sexy Over The Knee Boots 2021 Women Suede Long Boots Ladies Thick Heel Round Toe Shoes Female Fashion Black Thigh High Boot,1005001665605996,https://ae01.alicdn.com/kf/Hac325585a1884463a46ea36aaa7f49dae/Sexy-Over-The-Knee-Boots-2021-Women-Suede-Long-Boots-Ladies-Thick-Heel-Round-Toe-Shoes.jpg_220x220.jpg,"https://ae04.alicdn.com/kf/Hac325585a1884463a46ea36aaa7f49dae.jpg,https://ae04.alicdn.com/kf/Hf2d999f1a3f2420ea1d7482d51b43b5ee.jpg,https://ae04.alicdn.com/kf/H000a62a8d7b5424a8f6f47ce02178437M.jpg,https://ae04.alicdn.com/kf/H5c4bf80ff77249d5a670ad50b8ecdda1A.jpg,https://ae04.alicdn.com/kf/H9c6c9b3da7114d48b38551607c2570efW.jpg,",https://www.aliexpress.com/item/1005001665605996.html,60.50,26.62,30.00%,2098-12-31,56%,https://s.click.aliexpress.com/e/_AY2bcm
Women's Shoes,200133142,2021 Women's Winter Combat Boots Women Black Motorcycle Boots Thick Riding Boot Lace-up Height Increasing Shoes Mid Booties,1005001738320430,https://ae01.alicdn.com/kf/H2359b12a533243d9b934133f22ae47cdB/2021-Women-s-Winter-Combat-Boots-Women-Black-Motorcycle-Boots-Thick-Riding-Boot-Lace-up-Height.jpg_220x220.jpg,"https://ae04.alicdn.com/kf/H2359b12a533243d9b934133f22ae47cdB.jpg,https://ae04.alicdn.com/kf/H8a1b0d4b23464fada8dfdd8899ccba4fE.jpg,https://ae04.alicdn.com/kf/H5cde52edb7664cd49fa1631a9ceaed5dF.jpg,https://ae04.alicdn.com/kf/H6c50746fffff4a78996f814c93028ce5P.jpg,",https://www.aliexpress.com/item/1005001738320430.html,79.95,31.98,30.00%,2098-12-31,60%,https://s.click.aliexpress.com/e/_9QqNBk
Women's Shoes,200133142,Women Fashion Black Patent Leather Chelsea Boots 2021 Spring New Sexy Zipper Low Heel Ankle Boots Ladies Short Shoes,1005002059782535,https://ae01.alicdn.com/kf/H28e53904937a4784bf93308aa9a9f990z/Women-Fashion-Black-Patent-Leather-Chelsea-Boots-2021-Spring-New-Sexy-Zipper-Low-Heel-Ankle-Boots.jpg_220x220.jpg,"https://ae04.alicdn.com/kf/H28e53904937a4784bf93308aa9a9f990z.jpg,https://ae04.alicdn.com/kf/H26b4f5c7370f49c884073b4c0baa46a1J.jpg,https://ae04.alicdn.com/kf/Hab6b0ec3fdca4bfc998d3ed7b50e608b6.jpg,https://ae04.alicdn.com/kf/H41058cd6287f4b1da06756eb28e386beA.png,https://ae04.alicdn.com/kf/H600d10db54824302b2c77daf44af1bb4t.jpg,",https://www.aliexpress.com/item/1005002059782535.html,75.03,31.51,30.00%,2098-12-31,58%,https://s.click.aliexpress.com/e/_ASIrtY
Women's Shoes,200133142,Summer High Heel Sandals 2021 Women Fashion Black Brown Gladiator Ladies Metal Buckle Hoof Heels Sandals Female New Shoes,1005002063947253,https://ae01.alicdn.com/kf/H8b07a9df0ba74257b7bdcac417ee9ee4c/Summer-High-Heel-Sandals-2021-Women-Fashion-Black-Brown-Gladiator-Ladies-Metal-Buckle-Hoof-Heels-Sandals.jpg_220x220.jpg,"https://ae04.alicdn.com/kf/H8b07a9df0ba74257b7bdcac417ee9ee4c.jpg,https://ae04.alicdn.com/kf/H51d28b82c61741af8ab429b2ee64b26cE.jpg,https://ae04.alicdn.com/kf/H3acb7c92e03147858296a48cc0aa20aeS.jpg,https://ae04.alicdn.com/kf/H8a1c7b7ce0c74d759c2ef3fff17a946eM.jpg,",https://www.aliexpress.com/item/1005002063947253.html,65.66,27.58,30.00%,2098-12-31,58%,https://s.click.aliexpress.com/e/_9intaK
Women's Shoes,200133142,New Winter 2021 Over The Knee Boots Women Black Long Boots High Heels Round Toe Shoes Ladies Fashion Sexy Thigh High White Boot,1005001731726104,https://ae01.alicdn.com/kf/Hd06c09d09acb403fbd0a95c18df64ec0I/New-Winter-2021-Over-The-Knee-Boots-Women-Black-Long-Boots-High-Heels-Round-Toe-Shoes.jpg_220x220.jpg,"https://ae04.alicdn.com/kf/Hd06c09d09acb403fbd0a95c18df64ec0I.jpg,https://ae04.alicdn.com/kf/H5f2fbff23f4d4c66bffce0137ddc5508d.jpg,https://ae04.alicdn.com/kf/H26efb258728d40d9be0c3fe969ded22a2.jpg,https://ae04.alicdn.com/kf/H6e4ade9f731d4684a0c9116e6522b546t.jpg,https://ae04.alicdn.com/kf/H77b2f664bad649b0a2ed231675d8341ad.jpg,",https://www.aliexpress.com/item/1005001731726104.html,71.40,29.99,30.00%,2098-12-31,58%,https://s.click.aliexpress.com/e/_An3f34
Women's Shoes,200133142,Women Ankle Martin Boots British Wind Genuine Leather Ladies Lace Up Zipper Low Square Heels Boots Female Platform Black Shoes,1005001917422062,https://ae01.alicdn.com/kf/Head95138787646c1bdc162dfc3ce2163j/Women-Ankle-Martin-Boots-British-Wind-Genuine-Leather-Ladies-Lace-Up-Zipper-Low-Square-Heels-Boots.jpg_220x220.jpg,"https://ae04.alicdn.com/kf/Head95138787646c1bdc162dfc3ce2163j.jpg,https://ae04.alicdn.com/kf/Hd8201b48a0324b719edc3d26c46bfc33Q.jpg,https://ae04.alicdn.com/kf/H34b7a8c290104f25977a1a7a0800eb72r.jpg,https://ae04.alicdn.com/kf/Hf75be89ff8fa4b859202180aefea5117f.jpg,https://ae04.alicdn.com/kf/Hd56fe168abce4064947d8442b73df4e0d.jpg,",https://www.aliexpress.com/item/1005001917422062.html,67.72,33.86,30.00%,2098-12-31,50%,https://s.click.aliexpress.com/e/_A4ZmiI
Women's Shoes,200133142,Fashion Ankle Boots Spring Autumn Shoes Women Casual Zip Pointed Toe Booties Low Heels Ladies Shoes Woman Plus Size 43 2021,1005002072630825,https://ae01.alicdn.com/kf/H4eaf71590a6a4cc6978d9a71c6387589D/Fashion-Ankle-Boots-Spring-Autumn-Shoes-Women-Casual-Zip-Pointed-Toe-Booties-Low-Heels-Ladies-Shoes.jpg_220x220.jpg,"https://ae04.alicdn.com/kf/H4eaf71590a6a4cc6978d9a71c6387589D.jpg,https://ae04.alicdn.com/kf/H80f865fe75754c879fc9516f231f398fn.jpg,https://ae04.alicdn.com/kf/H7dd8368374a044f78a7b340229bca673R.jpg,https://ae04.alicdn.com/kf/Hd042efec89d6471f93333f38dde609efb.jpg,https://ae04.alicdn.com/kf/Hac92da4f2f1e4f04b06bd28d9e4b8841V.jpg,",https://www.aliexpress.com/item/1005002072630825.html,59.82,25.12,30.00%,2098-12-31,58%,https://s.click.aliexpress.com/e/_Af9Vdg
Women's Shoes,200133142,Woman Cowboy Ankle Boots Women 2021 Wedge High Heel Riding Boots Female Embroidery Shoes Fashion Ladies Western Cowgirl Boots,1005001669725092,https://ae01.alicdn.com/kf/H580d5ba9d7b5464b9463351cd1c480d7V/Woman-Cowboy-Ankle-Boots-Women-2021-Wedge-High-Heel-Riding-Boots-Female-Embroidery-Shoes-Fashion-Ladies.jpg_220x220.jpg,"https://ae04.alicdn.com/kf/H580d5ba9d7b5464b9463351cd1c480d7V.jpg,https://ae04.alicdn.com/kf/H0d5be795c1174c8f9f8631fac585d65by.jpg,https://ae04.alicdn.com/kf/H130c26b5e94e43c7b672355d70756de11.jpg,https://ae04.alicdn.com/kf/H9fee7251600e414eb0c471236fc5c68c8.jpg,https://ae04.alicdn.com/kf/H5130d3d855754c1884ff047c6452e2ac2.jpg,",https://www.aliexpress.com/item/1005001669725092.html,67.93,29.89,30.00%,2098-12-31,56%,https://s.click.aliexpress.com/e/_ABhRCA
Women's Shoes,200133142,Women Fashion Single Shoes Ladies Spring Cross-tied Shallow Mouth Shoes Female Low Heel Suede Casual Shoes 2021,1005002062915726,https://ae01.alicdn.com/kf/H71293c451e5744fb841bd09c084b3233T/Women-Fashion-Single-Shoes-Ladies-Spring-Cross-tied-Shallow-Mouth-Shoes-Female-Low-Heel-Suede-Casual.jpg_220x220.jpg,"https://ae04.alicdn.com/kf/H71293c451e5744fb841bd09c084b3233T.jpg,https://ae04.alicdn.com/kf/Hb8e2c95b1b8f4ad0a52efcd135bd4747v.jpg,https://ae04.alicdn.com/kf/H401abdfad1d8488285c15e51c030b2d16.jpg,https://ae04.alicdn.com/kf/Ha6d45bb966ee47e785969a00028ce8bbw.jpg,",https://www.aliexpress.com/item/1005002062915726.html,71.41,29.99,30.00%,2098-12-31,58%,https://s.click.aliexpress.com/e/_AdgCfg
Women's Shoes,200133142,Women's Summer Casual Flats Shoes Women New Sandals Slippers Ladies Square Heels Pointed Toe Slides Fashion Flat Plus Size 43,1005001858669442,https://ae01.alicdn.com/kf/Hc21d7e6c58f9452bbb9c5f68d2de7372k/Women-s-Summer-Casual-Flats-Shoes-Women-New-Sandals-Slippers-Ladies-Square-Heels-Pointed-Toe-Slides.jpg_220x220.jpg,"https://ae04.alicdn.com/kf/Hc21d7e6c58f9452bbb9c5f68d2de7372k.jpg,https://ae04.alicdn.com/kf/H0bab6da0bd904ccbbe80392834fc5679r.jpg,https://ae04.alicdn.com/kf/Hfd09fe5224fb42418759d91a7a576fd8K.jpg,https://ae04.alicdn.com/kf/H987bac3547984452a6a08671ab34ee2eM.jpg,https://ae04.alicdn.com/kf/H66577dd56112448b901a15ee68ab328eP.jpg,",https://www.aliexpress.com/item/1005001858669442.html,39.90,16.76,30.00%,2098-12-31,58%,https://s.click.aliexpress.com/e/_A0GPa6
Women's Shoes,200133142,Summer Fashion Thin Sole Sandals Women Hollow Fish Mouth Ankle Strap Sandals 2021 Ladies Mesh Shoes Female Plus Size 43,1005002059620466,https://ae01.alicdn.com/kf/H578fa54bb55e4717ae3131203f4085a2V/Summer-Fashion-Thin-Sole-Sandals-Women-Hollow-Fish-Mouth-Ankle-Strap-Sandals-2021-Ladies-Mesh-Shoes.jpg_220x220.jpg,"https://ae04.alicdn.com/kf/H578fa54bb55e4717ae3131203f4085a2V.jpg,https://ae04.alicdn.com/kf/Hf065c4dc7a424f95a0dcf984c633419ec.jpg,https://ae04.alicdn.com/kf/H230d9da621344145844623f76d061485t.jpg,https://ae04.alicdn.com/kf/Hc448cb848ec34fdeaf7e523a94c4b71fC.jpg,https://ae04.alicdn.com/kf/H946a707b8350498290bf92d40f3ca669d.jpg,",https://www.aliexpress.com/item/1005002059620466.html,67.45,28.33,30.00%,2098-12-31,58%,https://s.click.aliexpress.com/e/_AAr6FC
Women's Shoes,200133142,Casual Square Head Transparent Women's Slippers 2020 Ladies Shoes Sexy High Heels Roman Shoes Fashion Thick Heel Sandals Female,33010207408,https://ae01.alicdn.com/kf/HTB1qZNOS4naK1RjSZFBq6AW7VXaS/Casual-Square-Head-Transparent-Women-s-Slippers-2020-Ladies-Shoes-Sexy-High-Heels-Roman-Shoes-Fashion.jpg_220x220.jpg,"https://ae04.alicdn.com/kf/HTB1qZNOS4naK1RjSZFBq6AW7VXaS.jpg,https://ae04.alicdn.com/kf/HTB1Hc8oS4TpK1RjSZFKq6y2wXXaR.jpg,https://ae04.alicdn.com/kf/HTB1PfXiS9zqK1RjSZPxq6A4tVXai.jpg,https://ae04.alicdn.com/kf/HTB14KdiS3DqK1RjSZSyq6yxEVXaZ.jpg,https://ae04.alicdn.com/kf/HTB14XBrS3HqK1RjSZFPq6AwapXa6.jpg,",https://www.aliexpress.com/item/33010207408.html,39.73,21.06,9.00%,2098-12-31,47%,https://s.click.aliexpress.com/e/_AeMeme
Women's Shoes,200133142,Sexy Transparent Stiletto Women's Sandals Female 2020 Summer New Solid Color NIUFUNI High Heels Fashion Ladies Casual Shoes,33010282189,https://ae01.alicdn.com/kf/HTB1r4JXTsbpK1RjSZFyq6x_qFXaG/Sexy-Transparent-Stiletto-Women-s-Sandals-Female-2020-Summer-New-Solid-Color-NIUFUNI-High-Heels-Fashion.jpg_220x220.jpg,"https://ae04.alicdn.com/kf/HTB1r4JXTsbpK1RjSZFyq6x_qFXaG.jpg,https://ae04.alicdn.com/kf/HTB1_UBhTsfpK1RjSZFOq6y6nFXag.jpg,https://ae04.alicdn.com/kf/HTB1rUZ8TirpK1RjSZFhq6xSdXXaF.jpg,https://ae04.alicdn.com/kf/HTB1EGg8TmzqK1RjSZFjq6zlCFXaj.jpg,https://ae04.alicdn.com/kf/HTB1XfI.TkzoK1RjSZFlq6yi4VXab.jpg,",https://www.aliexpress.com/item/33010282189.html,41.61,22.05,9.00%,2098-12-31,47%,https://s.click.aliexpress.com/e/_AKAHvg
Women's Shoes,200133142,Fashion Stiletto Ankle Straps Women's Sandals NIUFUNI 2020 New Arrival High Heels Sexy Shoes Casual Women's Summer Shoes Ladies,33011177645,https://ae01.alicdn.com/kf/HTB1d4ONUSzqK1RjSZPcq6zTepXa0/Fashion-Stiletto-Ankle-Straps-Women-s-Sandals-NIUFUNI-2020-New-Arrival-High-Heels-Sexy-Shoes-Casual.jpg_220x220.jpg,"https://ae04.alicdn.com/kf/HTB1d4ONUSzqK1RjSZPcq6zTepXa0.jpg,https://ae04.alicdn.com/kf/HTB1O.bfUSzqK1RjSZFLq6An2XXa1.jpg,https://ae04.alicdn.com/kf/HTB1BwLxUIfpK1RjSZFOq6y6nFXaU.jpg,https://ae04.alicdn.com/kf/HTB1p.jhUHPpK1RjSZFFq6y5PpXax.jpg,https://ae04.alicdn.com/kf/HTB1_CnnUFzqK1RjSZFoq6zfcXXaK.jpg,",https://www.aliexpress.com/item/33011177645.html,40.48,21.45,9.00%,2098-12-31,47%,https://s.click.aliexpress.com/e/_9gjpyA
Women's Shoes,200133142,Black Sexy Over The Knee Boots Women High Heels Shoes Ladies Thigh High Boots Winter Shoes Long Boots Female Shoes Plus Size 43,1005001862864581,https://ae01.alicdn.com/kf/H2ae926861ddc4e46b46b57cbefe98dd66/Black-Sexy-Over-The-Knee-Boots-Women-High-Heels-Shoes-Ladies-Thigh-High-Boots-Winter-Shoes.jpg_220x220.jpg,"https://ae04.alicdn.com/kf/H2ae926861ddc4e46b46b57cbefe98dd66.jpg,https://ae04.alicdn.com/kf/H576f6d4e4e754cfcaa2a67c62db36d27Z.jpg,https://ae04.alicdn.com/kf/H45c3798ed510461bbacf2772786c6817D.jpg,https://ae04.alicdn.com/kf/H5566a7f7a2f94c0eb7078272f267aebcl.jpg,",https://www.aliexpress.com/item/1005001862864581.html,61.88,27.85,10.00%,2098-12-31,55%,https://s.click.aliexpress.com/e/_9RiomO
Women's Shoes,200133142,2020 Solid Color Round Head Women's Sandals With Ankle Strap High Heels Roman Shoes Stiletto Open Toe Hollow Casual Female Sexy,33005113466,https://ae01.alicdn.com/kf/HTB1S1kFfu3tHKVjSZSgq6x4QFXap/2020-Solid-Color-Round-Head-Women-s-Sandals-With-Ankle-Strap-High-Heels-Roman-Shoes-Stiletto.jpg_220x220.jpg,"https://ae04.alicdn.com/kf/HTB1S1kFfu3tHKVjSZSgq6x4QFXap.jpg,https://ae04.alicdn.com/kf/HTB1sFrESxTpK1RjSZR0q6zEwXXar.jpg,https://ae04.alicdn.com/kf/HTB1Pj6ySwTqK1RjSZPhq6xfOFXaQ.jpg,https://ae04.alicdn.com/kf/HTB1wQjRSxjaK1RjSZFAq6zdLFXaB.jpg,https://ae04.alicdn.com/kf/HTB1IiYJSzTpK1RjSZKPq6y3UpXaf.jpg,",https://www.aliexpress.com/item/33005113466.html,40.55,24.74,9.00%,2098-12-31,39%,https://s.click.aliexpress.com/e/_A5qI4i
Women's Shoes,200133142,Boots 2021 Autumn Winter Retro Punk Women Boots Fashion Genuine Leather Ankle Boots Zapatos De Mujer Wram Botas Mujer,1005001471081290,https://ae01.alicdn.com/kf/Hd1d4f895e95842aa99182c2a6cb84ae29/Boots-2021-Autumn-Winter-Retro-Punk-Women-Boots-Fashion-Genuine-Leather-Ankle-Boots-Zapatos-De-Mujer.jpg_220x220.jpg,"https://ae04.alicdn.com/kf/Hd1d4f895e95842aa99182c2a6cb84ae29.jpg,https://ae04.alicdn.com/kf/Hd0764337cdd04cfdbb753169da01c66f0.jpg,https://ae04.alicdn.com/kf/H8e81ef11f0cb40b5a5456c26129ec024g.jpg,https://ae04.alicdn.com/kf/H658b7d625c7f4dfb85b18f0e5613cb0fE.jpg,https://ae04.alicdn.com/kf/H7ec84aa77cb9401aa75e83575658feeck.jpg,",https://www.aliexpress.com/item/1005001471081290.html,28.56,15.42,8.00%,2098-12-31,46%,https://s.click.aliexpress.com/e/_AgLmV8
Women's Shoes,200133142,Sexy Transparent Crystal Snake Pattern Women's Slippers 2020 New Fashion Ladies Sandals High Heels NIUFUNI Casual Shoes Ladies,33006409138,https://ae01.alicdn.com/kf/HTB1pp8yS7voK1RjSZFDq6xY3pXal/Sexy-Transparent-Crystal-Snake-Pattern-Women-s-Slippers-2020-New-Fashion-Ladies-Sandals-High-Heels-NIUFUNI.jpg_220x220.jpg,"https://ae04.alicdn.com/kf/HTB1pp8yS7voK1RjSZFDq6xY3pXal.jpg,https://ae04.alicdn.com/kf/HTB1PzGvf13tHKVjSZSgq6x4QFXa7.jpg,https://ae04.alicdn.com/kf/HTB1DO8wS5rpK1RjSZFhq6xSdXXa1.jpg,https://ae04.alicdn.com/kf/HTB1YI0uS4TpK1RjSZR0q6zEwXXa0.jpg,https://ae04.alicdn.com/kf/HTB1XOtoS6DpK1RjSZFrq6y78VXab.jpg,",https://www.aliexpress.com/item/33006409138.html,44.02,23.33,9.00%,2098-12-31,47%,https://s.click.aliexpress.com/e/_9gGyaq
Women's Shoes,200133142,Sexy Peep Toe Leopard Stiletto High Heels 2020 Women's Sandals Waterproof Platform New Female Fashion Super High Ladies Shoes,33007552693,https://ae01.alicdn.com/kf/HTB1r8I4f13tHKVjSZSgq6x4QFXaI/Sexy-Peep-Toe-Leopard-Stiletto-High-Heels-2020-Women-s-Sandals-Waterproof-Platform-New-Female-Fashion.jpg_220x220.jpg,"https://ae04.alicdn.com/kf/HTB1r8I4f13tHKVjSZSgq6x4QFXaI.jpg,https://ae04.alicdn.com/kf/HTB12lT9S3HqK1RjSZFEq6AGMXXa6.jpg,https://ae04.alicdn.com/kf/HTB1OB3sS4naK1RjSZFBq6AW7VXah.jpg,https://ae04.alicdn.com/kf/HTB1o._9SYrpK1RjSZTEq6AWAVXaz.jpg,https://ae04.alicdn.com/kf/HTB1PZT6S3HqK1RjSZFgq6y7JXXaE.jpg,",https://www.aliexpress.com/item/33007552693.html,42.72,22.64,9.00%,2098-12-31,47%,https://s.click.aliexpress.com/e/_9QsDEi
Women's Shoes,200133142,Sexy High Heels Waterproof platform Women's Sandals Metal Patent Leather 2020 Summer stiletto Peep Toe Banquet Wedding Shoes,33005222149,https://ae01.alicdn.com/kf/HTB1Me5_RH2pK1RjSZFsq6yNlXXaw/Sexy-High-Heels-Waterproof-platform-Women-s-Sandals-Metal-Patent-Leather-2020-Summer-stiletto-Peep-Toe.jpg_220x220.jpg,"https://ae04.alicdn.com/kf/HTB1Me5_RH2pK1RjSZFsq6yNlXXaw.jpg,https://ae04.alicdn.com/kf/HTB1nNW.RSzqK1RjSZFjq6zlCFXaG.jpg,https://ae04.alicdn.com/kf/HTB1Agm6RSzqK1RjSZPxq6A4tVXa2.jpg,https://ae04.alicdn.com/kf/HTB1t8_iRQvoK1RjSZFwq6AiCFXa5.jpg,https://ae04.alicdn.com/kf/HTB1AhjaRQvoK1RjSZFDq6xY3pXaJ.jpg,",https://www.aliexpress.com/item/33005222149.html,40.49,25.10,9.00%,2098-12-31,38%,https://s.click.aliexpress.com/e/_ALMPL8
Women's Shoes,200133142,Pointed Toe Stiletto Women's Sandals 2020 Summer New Real Rabbit Fur NIUFUNI Comfortable Slippers Casual High Heels Ladies Shoes,33004772399,https://ae01.alicdn.com/kf/HTB1UhHMXfc3T1VjSZLeq6zZsVXaa/Pointed-Toe-Stiletto-Women-s-Sandals-2020-Summer-New-Real-Rabbit-Fur-NIUFUNI-Comfortable-Slippers-Casual.jpg_220x220.jpg,"https://ae04.alicdn.com/kf/HTB1UhHMXfc3T1VjSZLeq6zZsVXaa.jpg,https://ae04.alicdn.com/kf/HTB1yretScbpK1RjSZFyq6x_qFXaZ.jpg,https://ae04.alicdn.com/kf/HTB1ryvMXfc3T1VjSZPfq6AWHXXad.jpg,https://ae04.alicdn.com/kf/HTB1_maQShjaK1RjSZKzq6xVwXXa3.jpg,https://ae04.alicdn.com/kf/HTB1i2SwSXzqK1RjSZFvq6AB7VXax.jpg,",https://www.aliexpress.com/item/33004772399.html,40.96,21.71,9.00%,2098-12-31,47%,https://s.click.aliexpress.com/e/_9u20bu
Women's Shoes,200133142,Roman Shoes Ankle Strap 2020 Women's Sandals Summer PU Sexy Peep Toe New High Heels Stiletto Solid Color Casual Shoes Woman,33004822516,https://ae01.alicdn.com/kf/HTB1sw77RCzqK1RjSZFjq6zlCFXak/Roman-Shoes-Ankle-Strap-2020-Women-s-Sandals-Summer-PU-Sexy-Peep-Toe-New-High-Heels.jpg_220x220.jpg,"https://ae04.alicdn.com/kf/HTB1sw77RCzqK1RjSZFjq6zlCFXak.jpg,https://ae04.alicdn.com/kf/HTB1ZgIZRCrqK1RjSZK9q6xyypXac.jpg,https://ae04.alicdn.com/kf/HTB1B378RxTpK1RjSZFMq6zG_VXak.jpg,https://ae04.alicdn.com/kf/HTB1eus7RrvpK1RjSZPiq6zmwXXaO.jpg,https://ae04.alicdn.com/kf/HTB1ev0sROLaK1RjSZFxq6ymPFXay.jpg,",https://www.aliexpress.com/item/33004822516.html,35.68,22.12,9.00%,2098-12-31,38%,https://s.click.aliexpress.com/e/_ASmdQw
Women's Shoes,200133142,Sexy Peep Toe Rivet Women's Sandals Stiletto Super High Heels 2020 Waterproof platform Female Wedding Party Transparent Shoes,33005138878,https://ae01.alicdn.com/kf/HTB1ZpG2RFzqK1RjSZFoq6zfcXXaK/Sexy-Peep-Toe-Rivet-Women-s-Sandals-Stiletto-Super-High-Heels-2020-Waterproof-platform-Female-Wedding.jpg_220x220.jpg,"https://ae04.alicdn.com/kf/HTB1ZpG2RFzqK1RjSZFoq6zfcXXaK.jpg,https://ae04.alicdn.com/kf/HTB1y_a9RMHqK1RjSZFkq6x.WFXac.jpg,https://ae04.alicdn.com/kf/HTB1zrGRRMTqK1RjSZPhq6xfOFXaW.jpg,https://ae04.alicdn.com/kf/HTB1u4K0RQvoK1RjSZPfq6xPKFXaI.jpg,https://ae04.alicdn.com/kf/HTB1iVS0RNTpK1RjSZFKq6y2wXXaF.jpg,",https://www.aliexpress.com/item/33005138878.html,41.14,25.51,9.00%,2098-12-31,38%,https://s.click.aliexpress.com/e/_AY39BG
Women's Shoes,200133142,Fashion PU Leather High Heels Women Pumps Pointed Toe Work Pump Stiletto Woman Shoes Weeding Shoes Office Career Elegant Shoes,33005976761,https://ae01.alicdn.com/kf/HTB1o9gdSr2pK1RjSZFsq6yNlXXa0/Fashion-PU-Leather-High-Heels-Women-Pumps-Pointed-Toe-Work-Pump-Stiletto-Woman-Shoes-Weeding-Shoes.jpg_220x220.jpg,"https://ae04.alicdn.com/kf/HTB1o9gdSr2pK1RjSZFsq6yNlXXa0.jpg,https://ae04.alicdn.com/kf/HTB10W3gSxTpK1RjSZFMq6zG_VXak.jpg,https://ae04.alicdn.com/kf/HTB1gNZkSq6qK1RjSZFmq6x0PFXaW.jpg,https://ae04.alicdn.com/kf/HTB1OHoiSpzqK1RjSZFoq6zfcXXae.jpg,https://ae04.alicdn.com/kf/HTB1s4nQlnZmx1VjSZFGq6yx2XXau.jpg,",https://www.aliexpress.com/item/33005976761.html,41.66,22.08,9.00%,2098-12-31,47%,https://s.click.aliexpress.com/e/_ABD9Aa
Women's Shoes,200133142,Fashion Roman Shoes 2020 New Arrival Women's Sandals High Heels Ladies Casual Stiletto Color Belt Buckle Hollow Ladies Shoes,33004485573,https://ae01.alicdn.com/kf/HTB15SoRSgHqK1RjSZJnq6zNLpXaH/Fashion-Roman-Shoes-2020-New-Arrival-Women-s-Sandals-High-Heels-Ladies-Casual-Stiletto-Color-Belt.jpg_220x220.jpg,"https://ae04.alicdn.com/kf/HTB15SoRSgHqK1RjSZJnq6zNLpXaH.jpg,https://ae04.alicdn.com/kf/HTB18D89Xvc3T1VjSZPfq6AWHXXay.jpg,https://ae04.alicdn.com/kf/HTB1qLgOSgHqK1RjSZFPq6AwapXax.jpg,https://ae04.alicdn.com/kf/HTB1VTZDSgTqK1RjSZPhq6xfOFXaf.jpg,https://ae04.alicdn.com/kf/HTB1647JSb2pK1RjSZFsq6yNlXXau.jpg,",https://www.aliexpress.com/item/33004485573.html,44.62,23.65,9.00%,2098-12-31,47%,https://s.click.aliexpress.com/e/_AZZYaO
Women's Shoes,200133142,New Sexy Bow Transparent Women's Sandals Stiletto High Heels High Waterproof platform Female Banquet Wedding Casual Ladies Shoes,33004763696,https://ae01.alicdn.com/kf/HTB1ZLLbRmrqK1RjSZK9q6xyypXaK/New-Sexy-Bow-Transparent-Women-s-Sandals-Stiletto-High-Heels-High-Waterproof-platform-Female-Banquet-Wedding.jpg_220x220.jpg,"https://ae04.alicdn.com/kf/HTB1ZLLbRmrqK1RjSZK9q6xyypXaK.jpg,https://ae04.alicdn.com/kf/HTB1YsrvRhjaK1RjSZFAq6zdLFXaf.jpg,https://ae04.alicdn.com/kf/HTB1wLqUj_Zmx1VjSZFGq6yx2XXaW.jpg,https://ae04.alicdn.com/kf/HTB1p6nhRhTpK1RjSZR0q6zEwXXam.jpg,https://ae04.alicdn.com/kf/HTB1wjrhRhTpK1RjSZR0q6zEwXXan.jpg,",https://www.aliexpress.com/item/33004763696.html,41.66,25.83,9.00%,2098-12-31,38%,https://s.click.aliexpress.com/e/_9vaZZo
Women's Shoes,200133142,Sexy Rhinestone Sandals Women Fashion Patent Leather Stiletto Super High Heels NIUFUNI 2020 Waterproof Platform Ladies Shoes,33006051217,https://ae01.alicdn.com/kf/HTB1cAEWRxnaK1RjSZFBq6AW7VXau/Sexy-Rhinestone-Sandals-Women-Fashion-Patent-Leather-Stiletto-Super-High-Heels-NIUFUNI-2020-Waterproof-Platform-Ladies.jpg_220x220.jpg,"https://ae04.alicdn.com/kf/HTB1cAEWRxnaK1RjSZFBq6AW7VXau.jpg,https://ae04.alicdn.com/kf/HTB1dU3GRwHqK1RjSZFkq6x.WFXaS.jpg,https://ae04.alicdn.com/kf/HTB1N3ZARzTpK1RjSZKPq6y3UpXaj.jpg,https://ae04.alicdn.com/kf/HTB1fVIBRsbpK1RjSZFyq6x_qFXaD.jpg,https://ae04.alicdn.com/kf/HTB1XFEERpzqK1RjSZFvq6AB7VXaZ.jpg,",https://www.aliexpress.com/item/33006051217.html,38.40,23.81,9.00%,2098-12-31,38%,https://s.click.aliexpress.com/e/_9h0vO6
Women's Shoes,200133142,Fashion Roman Sandals  Rhinestone Women's Slippers Square Head 2020 New High Heels Thick With Casual Solid Color Ladies Shoes,33008210932,https://ae01.alicdn.com/kf/HTB1tCCFSOrpK1RjSZFhq6xSdXXaI/Fashion-Roman-Sandals-Rhinestone-Women-s-Slippers-Square-Head-2020-New-High-Heels-Thick-With-Casual.jpg_220x220.jpg,"https://ae04.alicdn.com/kf/HTB1tCCFSOrpK1RjSZFhq6xSdXXaI.jpg,https://ae04.alicdn.com/kf/HTB1GHKISFzqK1RjSZFoq6zfcXXak.jpg,https://ae04.alicdn.com/kf/HTB1lMGASSzqK1RjSZFLq6An2XXaN.jpg,https://ae04.alicdn.com/kf/HTB17buJSPTpK1RjSZKPq6y3UpXaX.jpg,https://ae04.alicdn.com/kf/HTB14ZeJSPTpK1RjSZKPq6y3UpXaE.jpg,",https://www.aliexpress.com/item/33008210932.html,41.77,22.14,9.00%,2098-12-31,47%,https://s.click.aliexpress.com/e/_AmVpfU
Women's Shoes,200133142,Fashion Rivets Waterproof Platform New Women's Sandals Thick Heel  Sexy Ladies Super High Heels Buckle Wedding Banquet Shoes,33004637420,https://ae01.alicdn.com/kf/HTB1lD4BSzTpK1RjSZKPq6y3UpXaa/Fashion-Rivets-Waterproof-Platform-New-Women-s-Sandals-Thick-Heel-Sexy-Ladies-Super-High-Heels-Buckle.jpg_220x220.jpg,"https://ae04.alicdn.com/kf/HTB1lD4BSzTpK1RjSZKPq6y3UpXaa.jpg,https://ae04.alicdn.com/kf/HTB1Sk8CSwHqK1RjSZFEq6AGMXXaG.jpg,https://ae04.alicdn.com/kf/HTB1rOV2SxnaK1RjSZFtq6zC2VXa2.jpg,https://ae04.alicdn.com/kf/HTB1Tu8CSsbpK1RjSZFyq6x_qFXa4.jpg,https://ae04.alicdn.com/kf/HTB1pU0BSzTpK1RjSZKPq6y3UpXaC.jpg,",https://www.aliexpress.com/item/33004637420.html,43.86,23.25,9.00%,2098-12-31,47%,https://s.click.aliexpress.com/e/_ACTGh8
Women's Shoes,200133142,Plus Size 35-43 Woman Sandals Casual Retro Bow Big Bowtie Flats Sandals Summer Student Fashion Flats Women sandalias mujer 2020,33003453070,https://ae01.alicdn.com/kf/HTB1echOR3TqK1RjSZPhq6xfOFXah/Plus-Size-35-43-Woman-Sandals-Casual-Retro-Bow-Big-Bowtie-Flats-Sandals-Summer-Student-Fashion.jpg_220x220.jpg,"https://ae04.alicdn.com/kf/HTB1echOR3TqK1RjSZPhq6xfOFXah.jpg,https://ae04.alicdn.com/kf/HTB1ArJYR7voK1RjSZFDq6xY3pXa9.jpg,https://ae04.alicdn.com/kf/HTB1Eeh1RYrpK1RjSZTEq6AWAVXaW.jpg,https://ae04.alicdn.com/kf/HTB1_SdPR3DqK1RjSZSyq6yxEVXaH.jpg,https://ae04.alicdn.com/kf/HTB1k4tWRYvpK1RjSZFqq6AXUVXaj.jpg,",https://www.aliexpress.com/item/33003453070.html,31.04,19.24,9.00%,2098-12-31,38%,https://s.click.aliexpress.com/e/_AMCMua
Women's Shoes,200133142,Fashion Candy Color Peep Toe Transparent Female High Heels Stiletto Women's Sandals Casual Sexy Ladies Shoes 2020 NIUFUNI,33006611498,https://ae01.alicdn.com/kf/HTB1ENS4RMHqK1RjSZFkq6x.WFXa2/Fashion-Candy-Color-Peep-Toe-Transparent-Female-High-Heels-Stiletto-Women-s-Sandals-Casual-Sexy-Ladies.jpg_220x220.jpg,"https://ae04.alicdn.com/kf/HTB1ENS4RMHqK1RjSZFkq6x.WFXa2.jpg,https://ae04.alicdn.com/kf/HTB14x14RMHqK1RjSZFkq6x.WFXaL.jpg,https://ae04.alicdn.com/kf/HTB1.H5URHvpK1RjSZFqq6AXUVXak.jpg,https://ae04.alicdn.com/kf/HTB1Y99KRSrqK1RjSZK9q6xyypXac.jpg,https://ae04.alicdn.com/kf/HTB1gq2jRNjaK1RjSZKzq6xVwXXav.jpg,",https://www.aliexpress.com/item/33006611498.html,34.71,21.52,9.00%,2098-12-31,38%,https://s.click.aliexpress.com/e/_97PO0i
Women's Shoes,200133142,Fashion Thick With Waterproof Platform Women's Sandals 2020 Sexy New Ladies Super High Heels Elegant Wedding Party Buckle Shoes,33005984165,https://ae01.alicdn.com/kf/HTB18.7gSpzqK1RjSZFvq6AB7VXaJ/Fashion-Thick-With-Waterproof-Platform-Women-s-Sandals-2020-Sexy-New-Ladies-Super-High-Heels-Elegant.jpg_220x220.jpg,"https://ae04.alicdn.com/kf/HTB18.7gSpzqK1RjSZFvq6AB7VXaJ.jpg,https://ae04.alicdn.com/kf/HTB1dFchSpzqK1RjSZFvq6AB7VXaF.jpg,https://ae04.alicdn.com/kf/HTB1f3UBSxjaK1RjSZKzq6xVwXXa3.jpg,https://ae04.alicdn.com/kf/HTB1zbQlSxjaK1RjSZFAq6zdLFXaT.jpg,https://ae04.alicdn.com/kf/HTB1c7Y6SwDqK1RjSZSyq6yxEVXa9.jpg,",https://www.aliexpress.com/item/33005984165.html,42.24,22.39,9.00%,2098-12-31,47%,https://s.click.aliexpress.com/e/_A1SCSW
Women's Shoes,200133142,Fashion Pointed Rhinestone Stiletto Women's Sandals 2020 Summer New Roman Sandals Sexy Casual Ladies Shoes Super High Heels,33007624834,https://ae01.alicdn.com/kf/HTB1zGAnS9rqK1RjSZK9q6xyypXa8/Fashion-Pointed-Rhinestone-Stiletto-Women-s-Sandals-2020-Summer-New-Roman-Sandals-Sexy-Casual-Ladies-Shoes.jpg_220x220.jpg,"https://ae04.alicdn.com/kf/HTB1zGAnS9rqK1RjSZK9q6xyypXa8.jpg,https://ae04.alicdn.com/kf/HTB1YKwuS8LoK1RjSZFuq6xn0XXa8.jpg,https://ae04.alicdn.com/kf/HTB1TGQASYrpK1RjSZTEq6AWAVXa8.jpg,https://ae04.alicdn.com/kf/HTB1S2wwS3HqK1RjSZFgq6y7JXXaF.jpg,https://ae04.alicdn.com/kf/HTB1oj.FS7voK1RjSZFwq6AiCFXa3.jpg,",https://www.aliexpress.com/item/33007624834.html,43.10,22.84,9.00%,2098-12-31,47%,https://s.click.aliexpress.com/e/_Alv43o
Women's Shoes,200133142,Pointed Transparent Zebra Pattern Women's Sandals 2020 Summer New Ankle strap High Heels Shallow Casual Shallow Ladies Shoes,33006870944,https://ae01.alicdn.com/kf/HTB1tPAJSmzqK1RjSZFpq6ykSXXaa/Pointed-Transparent-Zebra-Pattern-Women-s-Sandals-2020-Summer-New-Ankle-strap-High-Heels-Shallow-Casual.jpg_220x220.jpg,"https://ae04.alicdn.com/kf/HTB1tPAJSmzqK1RjSZFpq6ykSXXaa.jpg,https://ae04.alicdn.com/kf/HTB1BvkKSkvoK1RjSZFNq6AxMVXaa.jpg,https://ae04.alicdn.com/kf/HTB1duIHSbvpK1RjSZFqq6AXUVXa9.jpg,https://ae04.alicdn.com/kf/HTB1ZwwKScbpK1RjSZFyq6x_qFXa5.jpg,https://ae04.alicdn.com/kf/HTB1nPg7ShnaK1RjSZFBq6AW7VXar.jpg,",https://www.aliexpress.com/item/33006870944.html,43.48,23.04,9.00%,2098-12-31,47%,https://s.click.aliexpress.com/e/_AYz6UE
Women's Shoes,200133142,Sexy Leopard Stiletto Women's Sandals T-shaped Transparent Rivets 2020 Casual Pointed High Heels Hollow NIUFUNI Shoes Woman,33005869846,https://ae01.alicdn.com/kf/HTB1q1m.SQvoK1RjSZFNq6AxMVXah/Sexy-Leopard-Stiletto-Women-s-Sandals-T-shaped-Transparent-Rivets-2020-Casual-Pointed-High-Heels-Hollow.jpg_220x220.jpg,"https://ae04.alicdn.com/kf/HTB1q1m.SQvoK1RjSZFNq6AxMVXah.jpg,https://ae04.alicdn.com/kf/HTB1zGbsSOLaK1RjSZFxq6ymPFXa1.jpg,https://ae04.alicdn.com/kf/HTB1t5q1SMDqK1RjSZSyq6yxEVXaH.jpg,https://ae04.alicdn.com/kf/HTB1ACDbSFzqK1RjSZFvq6AB7VXaj.jpg,https://ae04.alicdn.com/kf/HTB19_C7SNTpK1RjSZFMq6zG_VXac.jpg,",https://www.aliexpress.com/item/33005869846.html,46.25,24.51,9.00%,2098-12-31,47%,https://s.click.aliexpress.com/e/_9RceXC
Women's Shoes,200133142,New Cross Belt Roman Sandals Women's Thick Belt Buckle Female High Heels Peep Toe Wild Fashion Shoes Ladies Casual NIUFUNI,33005074750,https://ae01.alicdn.com/kf/HTB1up9jkDZmx1VjSZFGq6yx2XXaI/New-Cross-Belt-Roman-Sandals-Women-s-Thick-Belt-Buckle-Female-High-Heels-Peep-Toe-Wild.jpg_220x220.jpg,"https://ae04.alicdn.com/kf/HTB1up9jkDZmx1VjSZFGq6yx2XXaI.jpg,https://ae04.alicdn.com/kf/HTB1C89PRFzqK1RjSZFCq6zbxVXaH.jpg,https://ae04.alicdn.com/kf/HTB1cSWMRFzqK1RjSZFoq6zfcXXaF.jpg,https://ae04.alicdn.com/kf/HTB1s6WORQvoK1RjSZFNq6AxMVXax.jpg,https://ae04.alicdn.com/kf/HTB1DmrbRNnaK1RjSZFtq6zC2VXag.jpg,",https://www.aliexpress.com/item/33005074750.html,38.27,23.73,9.00%,2098-12-31,38%,https://s.click.aliexpress.com/e/_9ipdea
Women's Shoes,200133142,Summer New Pointed Patent Leather Women's Sandals Woman Candy Color Slippers NIUFUNI High Heels Casual Fashion Ladies Shoes,33008258848,https://ae01.alicdn.com/kf/HTB1N1iUSG6qK1RjSZFmq6x0PFXa4/Summer-New-Pointed-Patent-Leather-Women-s-Sandals-Woman-Candy-Color-Slippers-NIUFUNI-High-Heels-Casual.jpg_220x220.jpg,"https://ae04.alicdn.com/kf/HTB1N1iUSG6qK1RjSZFmq6x0PFXa4.jpg,https://ae04.alicdn.com/kf/HTB1Ec9RSQvoK1RjSZFDq6xY3pXaH.jpg,https://ae04.alicdn.com/kf/HTB1RVePSSzqK1RjSZFjq6zlCFXap.jpg,https://ae04.alicdn.com/kf/HTB1gHSOSRLoK1RjSZFuq6xn0XXaM.jpg,https://ae04.alicdn.com/kf/HTB1gjGHSPDpK1RjSZFrq6y78VXa4.jpg,",https://www.aliexpress.com/item/33008258848.html,41.96,22.24,9.00%,2098-12-31,47%,https://s.click.aliexpress.com/e/_An5Lqw
Women's Shoes,200133142,NIUFUNI 2021 Summer Rivet Metal Chain Super High Heels Stiletto Ladies Sandals Peep Toes Women's Shoes Sexy Belt Buckle Sandals,1005002125364618,https://ae01.alicdn.com/kf/Ha25acfbede9e42738b1583350d54dc3cB/NIUFUNI-2021-Summer-Rivet-Metal-Chain-Super-High-Heels-Stiletto-Ladies-Sandals-Peep-Toes-Women-s.jpg_220x220.jpg,"https://ae04.alicdn.com/kf/Ha25acfbede9e42738b1583350d54dc3cB.jpg,https://ae04.alicdn.com/kf/Hefd463348836416fbf258620b4fcbb02a.jpg,https://ae04.alicdn.com/kf/H4f04d370e4c646d5a13e6ca371f577cce.jpg,https://ae04.alicdn.com/kf/Hc6fb8b10b13a4376bfef3799dd01e448T.jpg,https://ae04.alicdn.com/kf/H053169a2c8164209ab6b2f83ea73a63bw.jpg,",https://www.aliexpress.com/item/1005002125364618.html,48.71,30.20,8.00%,2098-12-31,38%,https://s.click.aliexpress.com/e/_ABj7kq
Women's Shoes,200133142,NIUFUNI 2021 Ribbon Pointed Toes Super High Heels Stiletto High Heels Ladies Sandals Sexy Bow Women's Shoes Women's Summer Shoes,1005002125057415,https://ae01.alicdn.com/kf/H20c184b3170a4bce82a7520ca78dbe506/NIUFUNI-2021-Ribbon-Pointed-Toes-Super-High-Heels-Stiletto-High-Heels-Ladies-Sandals-Sexy-Bow-Women.jpg_220x220.jpg,"https://ae04.alicdn.com/kf/H20c184b3170a4bce82a7520ca78dbe506.jpg,https://ae04.alicdn.com/kf/H6458df67e0eb499493eaf402db59e68es.jpg,https://ae04.alicdn.com/kf/H1e874819d3504b4da2c84b2b16c82b39p.jpg,https://ae04.alicdn.com/kf/H1ec86ca67a4142079883d225bc11b90fm.jpg,https://ae04.alicdn.com/kf/Hfa4c35621f4f4861b1437af8e47046dex.jpg,",https://www.aliexpress.com/item/1005002125057415.html,47.68,29.56,8.00%,2098-12-31,38%,https://s.click.aliexpress.com/e/_ASubNo
Women's Shoes,200133142,NIUIFUNI Summer Women's Sandals Transparent Rivet Super High-Heeled Stiletto Sandals One-Word Buckle Women's Shoes Pointed Toe,1005002124686861,https://ae01.alicdn.com/kf/H42c41f14c12144408b7b027f4621a2b6s/NIUIFUNI-Summer-Women-s-Sandals-Transparent-Rivet-Super-High-Heeled-Stiletto-Sandals-One-Word-Buckle-Women.jpg_220x220.jpg,"https://ae04.alicdn.com/kf/H42c41f14c12144408b7b027f4621a2b6s.jpg,https://ae04.alicdn.com/kf/H21855cbc1a354902b6ad445fe80f82ad3.jpg,https://ae04.alicdn.com/kf/H2efcd72d21814cad89b01627e53ca7313.jpg,https://ae04.alicdn.com/kf/Hf6d12504e52e4c6884aa7f6ca01c6061H.jpg,https://ae04.alicdn.com/kf/Hcafa2e27f4d847a8b40fcd098dc62b39o.jpg,",https://www.aliexpress.com/item/1005002124686861.html,48.71,30.20,8.00%,2098-12-31,38%,https://s.click.aliexpress.com/e/_Afd37c
Women's Shoes,200133142,NIUFUNI Summer Women's Sandals Narrow Strap Retro Stiletto Super High Heels Cross Strap Sandals Sexy Women's Shoes Pointed Toe,1005002124559891,https://ae01.alicdn.com/kf/H0453308041c249919a0cf3df16ec4fd9o/NIUFUNI-Summer-Women-s-Sandals-Narrow-Strap-Retro-Stiletto-Super-High-Heels-Cross-Strap-Sandals-Sexy.jpg_220x220.jpg,"https://ae04.alicdn.com/kf/H0453308041c249919a0cf3df16ec4fd9o.jpg,https://ae04.alicdn.com/kf/Hb48cdca6e3994ef4a63718152557b59eW.jpg,https://ae04.alicdn.com/kf/H243e6771f10e4809adbce2264104c7efb.jpg,https://ae04.alicdn.com/kf/Hd351b40377354692aea34a63032b6b70N.jpg,https://ae04.alicdn.com/kf/H25d946ae01594a168e21852e0da719dao.jpg,",https://www.aliexpress.com/item/1005002124559891.html,46.99,29.13,8.00%,2098-12-31,38%,https://s.click.aliexpress.com/e/_9JWSVU
Women's Shoes,200133142,2021 Ladies Sandals Metal Chain Decoration Pointed Toes High Heels Women's Shoes Super High Heels Sandals Sexy Party Belt Buckle,1005002124434619,https://ae01.alicdn.com/kf/Hb759b79da64b41b78defbf67bf8c50fcp/2021-Ladies-Sandals-Metal-Chain-Decoration-Pointed-Toes-High-Heels-Women-s-Shoes-Super-High-Heels.jpg_220x220.jpg,"https://ae04.alicdn.com/kf/Hb759b79da64b41b78defbf67bf8c50fcp.jpg,https://ae04.alicdn.com/kf/Haff9822e4b824c00940c7bbad5176fb07.jpg,https://ae04.alicdn.com/kf/Hb764a5462ca845cf8f83507701a08e80P.jpg,https://ae04.alicdn.com/kf/H11e3a452b5fe4a8ba93382c062ff4593d.jpg,https://ae04.alicdn.com/kf/Hb9b5dd91171440218750ce5b43a9e4fd8.jpg,",https://www.aliexpress.com/item/1005002124434619.html,47.41,29.39,8.00%,2098-12-31,38%,https://s.click.aliexpress.com/e/_A46uIO
Women's Shoes,200133142,Women's Sandals High Heels Cross Straps Rivets Pointed Toe Stiletto Heels Women's Shoes Bare Feet Strap Buckle Sandals Sweet,1005002124253710,https://ae01.alicdn.com/kf/H972339b70c734268b4b36378631d546dL/Women-s-Sandals-High-Heels-Cross-Straps-Rivets-Pointed-Toe-Stiletto-Heels-Women-s-Shoes-Bare.jpg_220x220.jpg,"https://ae04.alicdn.com/kf/H972339b70c734268b4b36378631d546dL.jpg,https://ae04.alicdn.com/kf/Hfabcd0261a314ffeb410ef4cc1aad920X.jpg,https://ae04.alicdn.com/kf/H3a1602f65ed74cb9b3535ce0e417110fg.jpg,https://ae04.alicdn.com/kf/H134237db505d435cac66449edad259d4l.jpg,https://ae04.alicdn.com/kf/Hef1f4c1fc68f424bb66aa8fdbcbc9ff0s.jpg,",https://www.aliexpress.com/item/1005002124253710.html,47.41,29.39,8.00%,2098-12-31,38%,https://s.click.aliexpress.com/e/_AffpDs
Women's Shoes,200133142,"Leather Shoes, Women's Spring and Autumn Breathable Running Shoes, Korean Fashion Casual Shoes, Sports Board Shoes, Flat Shoes",1005001945274308,https://ae01.alicdn.com/kf/H47f028c9b35e487cae40953a6b3507f87/Leather-Shoes-Women-s-Spring-and-Autumn-Breathable-Running-Shoes-Korean-Fashion-Casual-Shoes-Sports-Board.jpg_220x220.jpg,"https://ae04.alicdn.com/kf/H47f028c9b35e487cae40953a6b3507f87.jpg,https://ae04.alicdn.com/kf/H7688b8a8feb64000ae4a5e6aea3a4102K.jpg,https://ae04.alicdn.com/kf/H54106d5c57d64f98a22b2779be5ede9bw.jpg,https://ae04.alicdn.com/kf/H292e2cdc91c4405e974c44a6b75be725y.jpg,https://ae04.alicdn.com/kf/Ha8ac62f86a934945b1147c38317eeb3cy.jpg,",https://www.aliexpress.com/item/1005001945274308.html,17.16,8.75,9.00%,2098-12-31,49%,https://s.click.aliexpress.com/e/_Ap6YQA
Women's Shoes,200133142,Autumn High Heels Woman Pumps Platform PU Black White Women Shoes Platform High Heels Shoes Thick Heels Work Pumps Dress Shoes,33002819438,https://ae01.alicdn.com/kf/HTB1yN9adxiH3KVjSZPfq6xBiVXaQ/Autumn-High-Heels-Woman-Pumps-Platform-PU-Black-White-Women-Shoes-Platform-High-Heels-Shoes-Thick.jpg_220x220.jpg,"https://ae04.alicdn.com/kf/HTB1yN9adxiH3KVjSZPfq6xBiVXaQ.jpg,https://ae04.alicdn.com/kf/HTB19PPlQCzqK1RjSZFHq6z3CpXaG.jpg,https://ae04.alicdn.com/kf/HTB1u35NQCzqK1RjSZPcq6zTepXa9.jpg,https://ae04.alicdn.com/kf/HTB1vOfnQpzqK1RjSZFoq6zfcXXaN.jpg,https://ae04.alicdn.com/kf/HTB118rpQwHqK1RjSZFEq6AGMXXa9.jpg,",https://www.aliexpress.com/item/33002819438.html,41.60,31.20,9.00%,2098-12-31,25%,https://s.click.aliexpress.com/e/_AVzK8K
Women's Shoes,200133142,Spring Autumn New Style Women Vulcanized Solid Shoes Sneakers Ladies Lace-up Casual Shoes Breathable Walking 1970S Canvas Shoes,1005001910809599,https://ae01.alicdn.com/kf/H8a7a63faa739420eb07dc1681062152fw/Spring-Autumn-New-Style-Women-Vulcanized-Solid-Shoes-Sneakers-Ladies-Lace-up-Casual-Shoes-Breathable-Walking.jpg_220x220.jpg,"https://ae04.alicdn.com/kf/H8a7a63faa739420eb07dc1681062152fw.jpg,https://ae04.alicdn.com/kf/Hccacb989e52443e5b66a604a4b912368w.jpg,https://ae04.alicdn.com/kf/H00d08794b3ca412ebf016754cbf40fe5Q.jpg,https://ae04.alicdn.com/kf/H4cc0e812edfb4433a6ec6804d8de1a44p.jpg,https://ae04.alicdn.com/kf/H5502c7ad6e11483fba857dae94561b58y.jpg,",https://www.aliexpress.com/item/1005001910809599.html,37.20,18.60,8.00%,2098-12-31,50%,https://s.click.aliexpress.com/e/_AbN0ty
Women's Shoes,200133142,High Top Shoes Women's 2021 Spring New Korean Flat Bottom Light Lace Up Canvas Shoes Sports Leisure Breathable Board Shoes,1005001969506237,https://ae01.alicdn.com/kf/H4410259cc7034ee48aaf1b66ce08b281k/High-Top-Shoes-Women-s-2021-Spring-New-Korean-Flat-Bottom-Light-Lace-Up-Canvas-Shoes.jpg_220x220.jpg,"https://ae04.alicdn.com/kf/H4410259cc7034ee48aaf1b66ce08b281k.jpg,https://ae04.alicdn.com/kf/H057dd35629dd4afa945cb43ca5f8b922U.jpg,https://ae04.alicdn.com/kf/H5c95f325684e4a7dadf8ef698d385cf3y.jpg,https://ae04.alicdn.com/kf/H00baa06358d44971b56c50643dd3c161n.jpg,https://ae04.alicdn.com/kf/Hd1a7dbb613aa4df0acd53ec176edb727M.jpg,",https://www.aliexpress.com/item/1005001969506237.html,31.20,15.91,8.00%,2098-12-31,49%,https://s.click.aliexpress.com/e/_A8dbj4
Women's Shoes,200133142,"Slippers Women Winter 2021 Lovers Home Cotton Shoes, Lovely Anti-skid Plush Slippers, Baotou Warm Men's Casual Slippers",1005001879497256,https://ae01.alicdn.com/kf/Hb26fa6d8305c4e1e91fbe7077e216088z/Slippers-Women-Winter-2021-Lovers-Home-Cotton-Shoes-Lovely-Anti-skid-Plush-Slippers-Baotou-Warm-Men.jpg_220x220.jpg,"https://ae04.alicdn.com/kf/Hb26fa6d8305c4e1e91fbe7077e216088z.jpg,https://ae04.alicdn.com/kf/He429b3bb05ff41e29b6cb32005cdcd6dH.jpg,https://ae04.alicdn.com/kf/H068cdb3fdfb44bf9812c5d025fe1a88en.jpg,https://ae04.alicdn.com/kf/Hc9258627972c4cd391f029fb19b12ea3K.jpg,https://ae04.alicdn.com/kf/H9bc592587ec748dab05fbe6b209e32f0D.jpg,",https://www.aliexpress.com/item/1005001879497256.html,17.60,8.98,8.00%,2098-12-31,49%,https://s.click.aliexpress.com/e/_AcDNI2
Women's Shoes,200133142,"Fur Integrated Women's Snow Boots, Leather Medium Tube 2021 Winter British Martin Boots, Warm Plush Extra Large Cotton Shoes",1005001903151916,https://ae01.alicdn.com/kf/Hc3d2d48f20eb43cd99559c49473105a1C/Fur-Integrated-Women-s-Snow-Boots-Leather-Medium-Tube-2021-Winter-British-Martin-Boots-Warm-Plush.jpg_220x220.jpg,"https://ae04.alicdn.com/kf/Hc3d2d48f20eb43cd99559c49473105a1C.jpg,https://ae04.alicdn.com/kf/H7efc3fb5de93499cb65bcf6c6e5c405aX.jpg,https://ae04.alicdn.com/kf/H6c2c8dbf3bf3414dbbed535efee6c2d4N.jpg,https://ae04.alicdn.com/kf/He97bb2c935784bcc8d8d780f6f5190817.jpg,https://ae04.alicdn.com/kf/H871b62b77ee544539cc6922e91412bd4U.jpg,",https://www.aliexpress.com/item/1005001903151916.html,107.36,54.75,8.00%,2098-12-31,49%,https://s.click.aliexpress.com/e/_ACJkcS
Women's Shoes,200133142,"Four Season Women's Casual Canvas Shoes, Light, Comfortable, Breathable and Wear-resistant Sports Shoes, Low Top Flat Shoes",1005001944958853,https://ae01.alicdn.com/kf/H530f3381ec4d438586239c7524bbdca4s/Four-Season-Women-s-Casual-Canvas-Shoes-Light-Comfortable-Breathable-and-Wear-resistant-Sports-Shoes-Low.jpg_220x220.jpg,"https://ae04.alicdn.com/kf/H530f3381ec4d438586239c7524bbdca4s.jpg,https://ae04.alicdn.com/kf/Hdc2de74f887e4b178274439b0bd01b64z.jpg,https://ae04.alicdn.com/kf/H894f6a72113943e1a7332ae2df8e11c0A.jpg,https://ae04.alicdn.com/kf/H851a01f19d9d4926b6e95a4554d70478l.jpg,https://ae04.alicdn.com/kf/H704a2d8e2f3c474f933e0a66f4cf7ee6e.jpg,",https://www.aliexpress.com/item/1005001944958853.html,15.60,7.96,9.00%,2098-12-31,49%,https://s.click.aliexpress.com/e/_A69Cu6
Women's Shoes,200133142,"2020 Thickened Plush Waterproof Winter Snow Boots Women's Shoes, New White Black Short Tube Flat Bottom Thermal Cotton Boots",1005001795103677,https://ae01.alicdn.com/kf/H8639de2707724972a186406e76d1d7361/2020-Thickened-Plush-Waterproof-Winter-Snow-Boots-Women-s-Shoes-New-White-Black-Short-Tube-Flat.jpg_220x220.jpg,"https://ae04.alicdn.com/kf/H8639de2707724972a186406e76d1d7361.jpg,https://ae04.alicdn.com/kf/H583d3071627f45f985d4ef53b91cb8bft.jpg,https://ae04.alicdn.com/kf/Hd0b9c3b84a1c4b3182377c662f6febc0Y.jpg,https://ae04.alicdn.com/kf/H1d8872e01d8c4e7b880c9a6d387eafc5j.jpg,https://ae04.alicdn.com/kf/H933cb0647e2c4b9eb80fa0cad4121be2a.jpg,",https://www.aliexpress.com/item/1005001795103677.html,79.06,31.62,9.00%,2098-12-31,60%,https://s.click.aliexpress.com/e/_AahSxY
Women's Shoes,200133142,"Brand Women's Leather Small White Shoes, 2020 Winter Plush Thermal Shoes, Korean Version of Thick Bottomed Casual Flat Shoes",1005001811347814,https://ae01.alicdn.com/kf/H66363fed6e6945138838a891172ce5ceI/Brand-Women-s-Leather-Small-White-Shoes-2020-Winter-Plush-Thermal-Shoes-Korean-Version-of-Thick.jpg_220x220.jpg,"https://ae04.alicdn.com/kf/H66363fed6e6945138838a891172ce5ceI.jpg,https://ae04.alicdn.com/kf/Hfd25a1f87a4d4edaa6d0fc2af472e37bP.jpg,https://ae04.alicdn.com/kf/H71ec833d33874249af88af4a455d5a267.jpg,https://ae04.alicdn.com/kf/H46352144dcc441cfbc7f6cd0dc4163ceX.jpg,https://ae04.alicdn.com/kf/H77019ad24a1248539c868c1ab0410a662.jpg,",https://www.aliexpress.com/item/1005001811347814.html,76.56,39.05,8.00%,2098-12-31,49%,https://s.click.aliexpress.com/e/_Are4Z4
Women's Shoes,200133142,"Women's Shoes 2021 Thick Soled Sports and Leisure Shoes, Spring and Autumn Korean Flying Woven Breathable Low Top Running Shoes",1005001976480497,https://ae01.alicdn.com/kf/Ha99431767a1244ab99e50e712cc6704c1/Women-s-Shoes-2021-Thick-Soled-Sports-and-Leisure-Shoes-Spring-and-Autumn-Korean-Flying-Woven.jpg_220x220.jpg,"https://ae04.alicdn.com/kf/Ha99431767a1244ab99e50e712cc6704c1.jpg,https://ae04.alicdn.com/kf/H73c045ed891b47caabe66eea3bac2717a.jpg,https://ae04.alicdn.com/kf/Hfe59b4fd24004c7da8bd7f5fbd30ab03F.jpg,https://ae04.alicdn.com/kf/H4b425283018649e4aa07e60cc480df68Z.jpg,https://ae04.alicdn.com/kf/H80fa46c1604c45e980d3971d8772e6c7G.jpg,",https://www.aliexpress.com/item/1005001976480497.html,59.80,30.50,8.00%,2098-12-31,49%,https://s.click.aliexpress.com/e/_A7teqQ
Women's Shoes,200133142,2021 Low Top Classic Black and White Vulcanized Shoes Women's Skateboard Shoes High Quality Men's Sports Canvas Running Shoes,1005001985814034,https://ae01.alicdn.com/kf/H9261c37a7c0c460da2348fb5427cec498/2021-Low-Top-Classic-Black-and-White-Vulcanized-Shoes-Women-s-Skateboard-Shoes-High-Quality-Men.jpg_220x220.jpg,"https://ae04.alicdn.com/kf/H9261c37a7c0c460da2348fb5427cec498.jpg,https://ae04.alicdn.com/kf/Ha6a594a9d342463e98c5598593cb0ef4S.jpg,https://ae04.alicdn.com/kf/H14d8aa531c7c476097c0d6c74afc3b5aY.jpg,https://ae04.alicdn.com/kf/Hd3bd9dda45fe424ba64d3be82e5b7432w.jpg,https://ae04.alicdn.com/kf/H7efa1bb9ae5344c298612618615b26d1q.jpg,",https://www.aliexpress.com/item/1005001985814034.html,33.20,16.93,8.00%,2098-12-31,49%,https://s.click.aliexpress.com/e/_ANHvmS
Women's Shoes,200133142,Woman Platform Shoes 2021 Summer New Fashion Women Shoes Casual Solid Canvas High Candy Color Women Casual Shoes Sneakers,1005001978035975,https://ae01.alicdn.com/kf/H5f032d4909df4e38bc867a61484528c6G/Woman-Platform-Shoes-2021-Summer-New-Fashion-Women-Shoes-Casual-Solid-Canvas-High-Candy-Color-Women.jpg_220x220.jpg,"https://ae04.alicdn.com/kf/H5f032d4909df4e38bc867a61484528c6G.jpg,https://ae04.alicdn.com/kf/Hf1183b6c56a043e98967a50f4a886e49h.jpg,https://ae04.alicdn.com/kf/H75b1597eded44f60b386aeda96d6d627H.jpg,https://ae04.alicdn.com/kf/Hc1bc7d9198b240ccbaacc0fa0db622ffw.jpg,https://ae04.alicdn.com/kf/H071359b11a4141bf953d36fa22a97d0bl.jpg,",https://www.aliexpress.com/item/1005001978035975.html,35.20,17.95,8.00%,2098-12-31,49%,https://s.click.aliexpress.com/e/_9jw5p0
Women's Shoes,200133142,Unisex Classic Canvas Shoes High/Low Top Vulcanize Athletic Sneakers for Women Flat Casual Shoes Designer Ladies Canvas Shoes,1005001931683611,https://ae01.alicdn.com/kf/H8e670d4d40ed4c47ae9995ec33bf06b0D/Unisex-Classic-Canvas-Shoes-High-Low-Top-Vulcanize-Athletic-Sneakers-for-Women-Flat-Casual-Shoes-Designer.jpg_220x220.jpg,"https://ae04.alicdn.com/kf/H8e670d4d40ed4c47ae9995ec33bf06b0D.jpg,https://ae04.alicdn.com/kf/Hafa18178043c490c95d6971c6fb524f5N.jpg,https://ae04.alicdn.com/kf/H0e1939fad0e94cd68d9b1fa269c45776z.jpg,https://ae04.alicdn.com/kf/Hf539016932b94e84bc15072d61d52252I.jpg,https://ae04.alicdn.com/kf/H5eafa74275ce40dcb6e9d5ebd291bd53J.jpg,",https://www.aliexpress.com/item/1005001931683611.html,32.56,16.61,9.00%,2098-12-31,49%,https://s.click.aliexpress.com/e/_AnYgXg
Women's Shoes,200133142,"Snow Boots Women's Shoes, 2020 New Fashion, Winter Versatile Plush, Waterproof Short Boots, White Korean Thermal Cotton Boots",1005001786958790,https://ae01.alicdn.com/kf/Ha400fb8a66f84d3c8601189e5734da27V/Snow-Boots-Women-s-Shoes-2020-New-Fashion-Winter-Versatile-Plush-Waterproof-Short-Boots-White-Korean.jpg_220x220.jpg,"https://ae04.alicdn.com/kf/Ha400fb8a66f84d3c8601189e5734da27V.jpg,https://ae04.alicdn.com/kf/H3faa5d779ebc4c5c96cc3c9beeb755e5b.jpg,https://ae04.alicdn.com/kf/H4ea2dd44cd0a4216a99f04be3d89421cN.jpg,https://ae04.alicdn.com/kf/H26ad938de25d4d0e893bc600b3855e56A.png,https://ae04.alicdn.com/kf/Hde14a6e6904042cab91cd2f08ab6ccde3.jpg,",https://www.aliexpress.com/item/1005001786958790.html,76.56,39.05,9.00%,2098-12-31,49%,https://s.click.aliexpress.com/e/_ATxS5M
Women's Shoes,200133142,"In The Winter of 2021,New Plush Warm Outdoor Snow Boots,Women's Large Medium Boots,Waterproof and Anti-skid Russian Cotton Shoes",1005001898130248,https://ae01.alicdn.com/kf/H6df88634347e4614ab6b78cd2d5b5c27q/In-The-Winter-of-2021-New-Plush-Warm-Outdoor-Snow-Boots-Women-s-Large-Medium-Boots.jpg_220x220.jpg,"https://ae04.alicdn.com/kf/H6df88634347e4614ab6b78cd2d5b5c27q.jpg,https://ae04.alicdn.com/kf/Hbb4c4bf328a7459aa46b5bfff299f69dM.jpg,https://ae04.alicdn.com/kf/Haf04bfd078da44cdb7da3fa4bc4b87c1q.jpg,https://ae04.alicdn.com/kf/H53c0b47f5d0e4e52943c32f99f302ea39.jpg,https://ae04.alicdn.com/kf/Ha114f72721cc46c6b41f3b0b922cf32c7.jpg,",https://www.aliexpress.com/item/1005001898130248.html,57.60,29.38,8.00%,2098-12-31,49%,https://s.click.aliexpress.com/e/_9vRysK
Women's Shoes,200133142,Woman Shoes 2021 Summer New Fashion Canvas Shallow Shoes Woman Flats Casual Simple Women Casual White Shoes Sneakers Breathable,1005001927688595,https://ae01.alicdn.com/kf/Hcaf95f60a4494ef691743a3d3b20c80eh/Woman-Shoes-2021-Summer-New-Fashion-Canvas-Shallow-Shoes-Woman-Flats-Casual-Simple-Women-Casual-White.jpg_220x220.jpg,"https://ae04.alicdn.com/kf/Hcaf95f60a4494ef691743a3d3b20c80eh.jpg,https://ae04.alicdn.com/kf/Hdea16daa73774315aa82baefc680097dr.jpg,https://ae04.alicdn.com/kf/H175abe16af8b4faea8bce77c067d4445X.jpg,https://ae04.alicdn.com/kf/H8fe3d5e923424e0b9e852bda37d580f7a.jpg,https://ae04.alicdn.com/kf/H9be85240f0374acda29036cfb5f94980A.jpg,",https://www.aliexpress.com/item/1005001927688595.html,32.74,16.70,9.00%,2098-12-31,49%,https://s.click.aliexpress.com/e/_AsMnTy
Women's Shoes,200133142,"Spring and Autumn Thick Soled Sports Shoes, Korean Women's Casual Shoes of Large Size, Air Cushion, Canvas, Light White Shoes",1005001898119789,https://ae01.alicdn.com/kf/H8843dff87b6f41c2ad1fe5a9c8ea95e5Z/Spring-and-Autumn-Thick-Soled-Sports-Shoes-Korean-Women-s-Casual-Shoes-of-Large-Size-Air.jpg_220x220.jpg,"https://ae04.alicdn.com/kf/H8843dff87b6f41c2ad1fe5a9c8ea95e5Z.jpg,https://ae04.alicdn.com/kf/H48668324020546e8bfb1c5b1853bcf72Z.jpg,https://ae04.alicdn.com/kf/H1ad73213e5ab49289665d6efaba51ae2Z.jpg,https://ae04.alicdn.com/kf/H45e1c49ff1f843fbbd52ad6c35835b002.jpg,https://ae04.alicdn.com/kf/Hcbe4ebbb58d3468884e64b56d0b83420H.jpg,",https://www.aliexpress.com/item/1005001898119789.html,62.92,32.09,8.00%,2098-12-31,49%,https://s.click.aliexpress.com/e/_A8ARpY
Women's Shoes,200133142,"Autumn and Winter 2020 New Cotton Shoes, Women's Plush Thermal Sports Shoes, Korean High Top Shoes, Versatile Casual Shoes",1005001792667278,https://ae01.alicdn.com/kf/Hb8c38b87085d46ee9baf6e9b49300503q/Autumn-and-Winter-2020-New-Cotton-Shoes-Women-s-Plush-Thermal-Sports-Shoes-Korean-High-Top.jpg_220x220.jpg,"https://ae04.alicdn.com/kf/Hb8c38b87085d46ee9baf6e9b49300503q.jpg,https://ae04.alicdn.com/kf/H94c887f6d859490c953fee7b7a0e1180E.jpg,https://ae04.alicdn.com/kf/Ha1317e0f41664582a3ac3a148d525661Y.jpg,https://ae04.alicdn.com/kf/H187eb6c0ee9a44d187517a7d25ede7f0F.jpg,https://ae04.alicdn.com/kf/H31cd89b923fc4301ba2f1116d5f6a8b73.jpg,",https://www.aliexpress.com/item/1005001792667278.html,63.36,32.31,9.00%,2098-12-31,49%,https://s.click.aliexpress.com/e/_9ybGfs
Women's Shoes,200133142,"Women's Small White Shoes Plush New Air Permeable Korean Version of Casual Shoes with Thick Soles, Sports Shoes, Board Shoes",1005001831723528,https://ae01.alicdn.com/kf/H8e7f289be6d6472b83684b179c79b084u/Women-s-Small-White-Shoes-Plush-New-Air-Permeable-Korean-Version-of-Casual-Shoes-with-Thick.jpg_220x220.jpg,"https://ae04.alicdn.com/kf/H8e7f289be6d6472b83684b179c79b084u.jpg,https://ae04.alicdn.com/kf/Hbdce28e09d5c4adab2a880b4ed22a890E.jpg,https://ae04.alicdn.com/kf/Hb0ec5250b1fa47aa9aa22de3de68f507k.jpg,https://ae04.alicdn.com/kf/H6adb7655958d41c48750467c5cff73acW.jpg,https://ae04.alicdn.com/kf/Hbb82839084524d97825d85365f285058i.jpg,",https://www.aliexpress.com/item/1005001831723528.html,49.20,25.09,8.00%,2098-12-31,49%,https://s.click.aliexpress.com/e/_AoQ7SK
Women's Shoes,200133142,EN NI KE Mesh Breathable Woven Women's Shoes 2021 Spring and Autumn New Korean Sports Running Shoes Women's Walking White Shoes,1005001983719971,https://ae01.alicdn.com/kf/H57f823c7ac4746cc96214e4a3bf8b351y/EN-NI-KE-Mesh-Breathable-Woven-Women-s-Shoes-2021-Spring-and-Autumn-New-Korean-Sports.jpg_220x220.jpg,"https://ae04.alicdn.com/kf/H57f823c7ac4746cc96214e4a3bf8b351y.jpg,https://ae04.alicdn.com/kf/Hb96a3e72254541dea04bac176e829f38v.jpg,https://ae04.alicdn.com/kf/He5cb763666554fa4bd06d733cbf4d5b2S.jpg,https://ae04.alicdn.com/kf/Hb9143068a9f14c61964217e264966138S.jpg,https://ae04.alicdn.com/kf/H0f2e1a87e8db44dd90d8f818fe66c600e.jpg,",https://www.aliexpress.com/item/1005001983719971.html,39.60,20.20,8.00%,2098-12-31,49%,https://s.click.aliexpress.com/e/_AV3Noe
Women's Shoes,200133142,Lace Wire Mesh High Tube Cool Boots Hollow Fashion Straps Women's Shoes Sandals Female Summer Large Size Shoes Sexy Knee,33003409221,https://ae01.alicdn.com/kf/HTB1bL8TR7PoK1RjSZKbq6x1IXXai/Lace-Wire-Mesh-High-Tube-Cool-Boots-Hollow-Fashion-Straps-Women-s-Shoes-Sandals-Female-Summer.jpg_220x220.jpg,"https://ae04.alicdn.com/kf/HTB1bL8TR7PoK1RjSZKbq6x1IXXai.jpg,https://ae04.alicdn.com/kf/HTB1XMNYR3HqK1RjSZFkq6x.WFXaJ.jpg,https://ae04.alicdn.com/kf/HTB1ZnXJRYPpK1RjSZFFq6y5PpXap.jpg,https://ae04.alicdn.com/kf/HTB14jXURVzqK1RjSZFvq6AB7VXaT.jpg,https://ae04.alicdn.com/kf/HTB1aIRORYvpK1RjSZFqq6AXUVXat.jpg,",https://www.aliexpress.com/item/33003409221.html,45.37,28.13,9.00%,2098-12-31,38%,https://s.click.aliexpress.com/e/_9xrJ3c
Women's Shoes,200133142,Women's Pumps Sexy Waterproof Platform 2020 Sandals Stiletto Ladies Shoes Super High Heels Shallow Round Head Patent Leather,33004108610,https://ae01.alicdn.com/kf/HTB1mexiR9zqK1RjSZFjq6zlCFXam/Women-s-Pumps-Sexy-Waterproof-Platform-2020-Sandals-Stiletto-Ladies-Shoes-Super-High-Heels-Shallow-Round.jpg_220x220.jpg,"https://ae04.alicdn.com/kf/HTB1mexiR9zqK1RjSZFjq6zlCFXam.jpg,https://ae04.alicdn.com/kf/HTB10TxsR3HqK1RjSZFkq6x.WFXaZ.jpg,https://ae04.alicdn.com/kf/HTB1fE8pRVzqK1RjSZFvq6AB7VXaG.jpg,https://ae04.alicdn.com/kf/HTB1TyJgR4TpK1RjSZR0q6zEwXXaK.jpg,https://ae04.alicdn.com/kf/HTB1M10nR3HqK1RjSZFEq6AGMXXam.jpg,",https://www.aliexpress.com/item/33004108610.html,38.54,23.89,9.00%,2098-12-31,38%,https://s.click.aliexpress.com/e/_AcjL4W
Women's Shoes,200133142,Brand Women's Shoes Sequins Leather Casual Shoes Wild Breathable Ladies White Shoes Outdoor Women's Shoes Calzado Deportiv,1005001811263636,https://ae01.alicdn.com/kf/H4041e9ed607244209bdf435c705bc429N/Brand-Women-s-Shoes-Sequins-Leather-Casual-Shoes-Wild-Breathable-Ladies-White-Shoes-Outdoor-Women-s.jpg_220x220.jpg,"https://ae04.alicdn.com/kf/H4041e9ed607244209bdf435c705bc429N.jpg,https://ae04.alicdn.com/kf/Hfe8aa1ce93fc4c45a7a108616c3f6096S.jpg,https://ae04.alicdn.com/kf/H46771b75bd2142b998ec3d61cde105bbG.jpg,https://ae04.alicdn.com/kf/H8e7eb3a9e49a40168f6361b0bb654376L.jpg,https://ae04.alicdn.com/kf/Heb8fa3bc902d43dc89d70302b505361f3.jpg,",https://www.aliexpress.com/item/1005001811263636.html,76.56,39.05,8.00%,2098-12-31,49%,https://s.click.aliexpress.com/e/_A2qWNc
Women's Shoes,200133142,"Bear Plush High Top Canvas Shoes, Women's Korean Version 2021 Autumn and Winter New Reflective Board Shoes, Leisure Sports Shoes",1005001936921682,https://ae01.alicdn.com/kf/H958ef780357941faaeb4874b22657d82k/Bear-Plush-High-Top-Canvas-Shoes-Women-s-Korean-Version-2021-Autumn-and-Winter-New-Reflective.jpg_220x220.jpg,"https://ae04.alicdn.com/kf/H958ef780357941faaeb4874b22657d82k.jpg,https://ae04.alicdn.com/kf/H43491ce45fa24b0c8a98e6c804ab51f6g.jpg,https://ae04.alicdn.com/kf/He96850c330d141a3bf7f886f5f485ea9W.jpg,https://ae04.alicdn.com/kf/H91d07cd4a6d34e418878749f261b4485a.jpg,https://ae04.alicdn.com/kf/Hd5261a0af2c14aa7a9376b6d2844c438k.jpg,",https://www.aliexpress.com/item/1005001936921682.html,40.92,20.87,9.00%,2098-12-31,49%,https://s.click.aliexpress.com/e/_99G8EW
Women's Shoes,200133142,Classic Canvas Shoes Low Top Vulcanized Sports Shoes Women's Flat Bottom Casual Shoes Designer Girls Fitness Running Shoes,1005001931419549,https://ae01.alicdn.com/kf/H5ddb4baa2a3f407a80205cbbb57fc3fdB/Classic-Canvas-Shoes-Low-Top-Vulcanized-Sports-Shoes-Women-s-Flat-Bottom-Casual-Shoes-Designer-Girls.jpg_220x220.jpg,"https://ae04.alicdn.com/kf/H5ddb4baa2a3f407a80205cbbb57fc3fdB.jpg,https://ae04.alicdn.com/kf/H499fddfeea47424e8a323c5a0dfc4875P.jpg,https://ae04.alicdn.com/kf/H7374a62805d44e3b900f15103f2f9770I.jpg,https://ae04.alicdn.com/kf/Hdf42629cd5094830a25f0c26b78dbd68z.jpg,https://ae04.alicdn.com/kf/H2652f01c4b4a43148338e82780e28679B.jpg,",https://www.aliexpress.com/item/1005001931419549.html,29.60,15.10,9.00%,2098-12-31,49%,https://s.click.aliexpress.com/e/_AEvcL0
Women's Shoes,200133142,"Winter Women's 2021 Fashionable New Flat Bottom Casual Shoes, Fashion Running Shoes, Warm Plush Vulcanized Low Top Snow Shoes",1005001916262235,https://ae01.alicdn.com/kf/H8d69c37851d74ed5888345eb021181aeF/Winter-Women-s-2021-Fashionable-New-Flat-Bottom-Casual-Shoes-Fashion-Running-Shoes-Warm-Plush-Vulcanized.jpg_220x220.jpg,"https://ae04.alicdn.com/kf/H8d69c37851d74ed5888345eb021181aeF.jpg,https://ae04.alicdn.com/kf/H92b760db90d04eb4a0a3ba659607b0fcC.jpg,https://ae04.alicdn.com/kf/Hfcac1db52ab140539e70f0486765924dd.jpg,https://ae04.alicdn.com/kf/H8e52943898b04d72965dd62cd88197eew.jpg,https://ae04.alicdn.com/kf/H9d690b4567ac46ac990d8f7cae787ab0k.jpg,",https://www.aliexpress.com/item/1005001916262235.html,41.36,21.09,8.00%,2098-12-31,49%,https://s.click.aliexpress.com/e/_9A0ZWw
Women's Shoes,200133142,2021 Women's Casual Shoes Lace Up Low Top Canvas Shoes Black Neutral Rubber Soled Sports Shoes Autumn Large Non Slip Flat Shoes,1005001924955892,https://ae01.alicdn.com/kf/H8e74f538c2bd4675b5c5895401cc70c0L/2021-Women-s-Casual-Shoes-Lace-Up-Low-Top-Canvas-Shoes-Black-Neutral-Rubber-Soled-Sports.jpg_220x220.jpg,"https://ae04.alicdn.com/kf/H8e74f538c2bd4675b5c5895401cc70c0L.jpg,https://ae04.alicdn.com/kf/Hcb7bf2be20b04bd1bd80e0983622d64cu.jpg,https://ae04.alicdn.com/kf/H551c848976b242be817bb1fcb37616e4L.jpg,https://ae04.alicdn.com/kf/H1f73fb72698f4ec3b8ac28b57e19d541v.jpg,https://ae04.alicdn.com/kf/H4af1804773b645c18395f128542f64977.jpg,",https://www.aliexpress.com/item/1005001924955892.html,32.98,16.82,9.00%,2098-12-31,49%,https://s.click.aliexpress.com/e/_AqKrkQ
Women's Shoes,200133142,New Sexy Snake Pattern Pointed High Heels Sandals Summer Wild Stiletto Patent Leather Women's Shoes Fine High Heels Banquet,33002918547,https://ae01.alicdn.com/kf/HTB1tnoLQYvpK1RjSZPiq6zmwXXa2/New-Sexy-Snake-Pattern-Pointed-High-Heels-Sandals-Summer-Wild-Stiletto-Patent-Leather-Women-s-Shoes.jpg_220x220.jpg,"https://ae04.alicdn.com/kf/HTB1tnoLQYvpK1RjSZPiq6zmwXXa2.jpg,https://ae04.alicdn.com/kf/HTB14uoWQ7voK1RjSZFwq6AiCFXam.jpg,https://ae04.alicdn.com/kf/HTB13UQEQ3TqK1RjSZPhq6xfOFXaq.jpg,https://ae04.alicdn.com/kf/HTB1nH3NQYvpK1RjSZFqq6AXUVXa9.jpg,https://ae04.alicdn.com/kf/HTB1a4wPQ3HqK1RjSZFPq6AwapXaj.jpg,",https://www.aliexpress.com/item/33002918547.html,34.71,21.52,9.00%,2098-12-31,38%,https://s.click.aliexpress.com/e/_98Ohny
Women's Shoes,200133142,Women Casual Shoes Summer Breathable Sock Shoes Slip on Walking Shoes Ladies Outdoor Sports Sneakers Women's Vulcanized Shoes,1005001911922160,https://ae01.alicdn.com/kf/He45f515ebee544998c8ee15b719b151fy/Women-Casual-Shoes-Summer-Breathable-Sock-Shoes-Slip-on-Walking-Shoes-Ladies-Outdoor-Sports-Sneakers-Women.jpg_220x220.jpg,"https://ae04.alicdn.com/kf/He45f515ebee544998c8ee15b719b151fy.jpg,https://ae04.alicdn.com/kf/H5fb67d6d05384b1cb247b6f47cc5e7ee1.jpg,https://ae04.alicdn.com/kf/H57836d4f1f014dd0a39794f87706e92cg.jpg,https://ae04.alicdn.com/kf/Hbdaa4a0af4654d6faa2f5525f35d3934n.jpg,https://ae04.alicdn.com/kf/H156b5a0404084860bad619d74ae05667R.jpg,",https://www.aliexpress.com/item/1005001911922160.html,15.98,8.15,8.00%,2098-12-31,49%,https://s.click.aliexpress.com/e/_ADTD0I
Women's Shoes,200133142,NIUFUNI Sexy Peep Toe Women's Pumps Waterproof Platform 2020 Sandals Stiletto High Heels Shallow Solid Color Ladies Party Shoes,33003297275,https://ae01.alicdn.com/kf/HTB1c.4gR7zoK1RjSZFlq6yi4VXaJ/NIUFUNI-Sexy-Peep-Toe-Women-s-Pumps-Waterproof-Platform-2020-Sandals-Stiletto-High-Heels-Shallow-Solid.jpg_220x220.jpg,"https://ae04.alicdn.com/kf/HTB1c.4gR7zoK1RjSZFlq6yi4VXaJ.jpg,https://ae04.alicdn.com/kf/HTB1LoFhR6TpK1RjSZKPq6y3UpXa8.jpg,https://ae04.alicdn.com/kf/HTB1oIXjRW6qK1RjSZFmq6x0PFXaI.jpg,https://ae04.alicdn.com/kf/HTB15_tiRYrpK1RjSZTEq6AWAVXaw.jpg,https://ae04.alicdn.com/kf/HTB1yw.GRSzqK1RjSZPcq6zTepXap.jpg,",https://www.aliexpress.com/item/33003297275.html,40.49,25.10,9.00%,2098-12-31,38%,https://s.click.aliexpress.com/e/_AUXPhg
Women's Shoes,200133142,"Women's Plush High Top Shoes, Warm Snow Boots, New Anti-skid Cotton Shoes In 2020, Casual Short Boots and Flat Shoes In Winter",1005001790836030,https://ae01.alicdn.com/kf/H0642f53eb0f647ff9f10525f1dcde42fS/Women-s-Plush-High-Top-Shoes-Warm-Snow-Boots-New-Anti-skid-Cotton-Shoes-In-2020.jpg_220x220.jpg,"https://ae04.alicdn.com/kf/H0642f53eb0f647ff9f10525f1dcde42fS.jpg,https://ae04.alicdn.com/kf/H3f696572a52a405e91418bb2a83f779d4.jpg,https://ae04.alicdn.com/kf/H86f429e400394067b5b3ef368c475663p.jpg,https://ae04.alicdn.com/kf/Hb0ee55383b5e4b56af2abddd243a5c688.jpg,https://ae04.alicdn.com/kf/Hfd4f2de2f5ac4fa9a097d80f1c9adb345.jpg,",https://www.aliexpress.com/item/1005001790836030.html,51.92,26.48,9.00%,2098-12-31,49%,https://s.click.aliexpress.com/e/_9w7vGA
Women's Shoes,200133142,Transparent Mixed Color Women's Sandals New Crystal Thick Heel Ladies Shoes Low Waterproof Platform High Heels Female Slippers,33003599995,https://ae01.alicdn.com/kf/HTB1N2T8QMHqK1RjSZJnq6zNLpXa7/Transparent-Mixed-Color-Women-s-Sandals-New-Crystal-Thick-Heel-Ladies-Shoes-Low-Waterproof-Platform-High.jpg_220x220.jpg,"https://ae04.alicdn.com/kf/HTB1N2T8QMHqK1RjSZJnq6zNLpXa7.jpg,https://ae04.alicdn.com/kf/HTB1zWL6QQvoK1RjSZFNq6AxMVXaA.jpg,https://ae04.alicdn.com/kf/HTB1DdHYQHPpK1RjSZFFq6y5PpXaM.jpg,https://ae04.alicdn.com/kf/HTB1I2H0QRLoK1RjSZFuq6xn0XXaj.jpg,https://ae04.alicdn.com/kf/HTB1P72.QQvoK1RjSZFwq6AiCFXaM.jpg,",https://www.aliexpress.com/item/33003599995.html,37.75,23.41,9.00%,2098-12-31,38%,https://s.click.aliexpress.com/e/_Arg2BY
Women's Shoes,200133142,Roman Shoes Summer New Arrival Women's Slippers Ankle Strap High Heels Hollow Fashion Sandals Wear Ladies Slippers Casual Shoes,33002798000,https://ae01.alicdn.com/kf/HTB1RhYaRG6qK1RjSZFmq6x0PFXaO/Roman-Shoes-Summer-New-Arrival-Women-s-Slippers-Ankle-Strap-High-Heels-Hollow-Fashion-Sandals-Wear.jpg_220x220.jpg,"https://ae04.alicdn.com/kf/HTB1RhYaRG6qK1RjSZFmq6x0PFXaO.jpg,https://ae04.alicdn.com/kf/HTB1Al10RPDpK1RjSZFrq6y78VXaW.jpg,https://ae04.alicdn.com/kf/HTB13ryGkDZmx1VjSZFGq6yx2XXaW.jpg,https://ae04.alicdn.com/kf/HTB1Meu6RNTpK1RjSZR0q6zEwXXar.jpg,https://ae04.alicdn.com/kf/HTB1gnrcRFzqK1RjSZFvq6AB7VXaI.jpg,",https://www.aliexpress.com/item/33002798000.html,35.68,22.12,9.00%,2098-12-31,38%,https://s.click.aliexpress.com/e/_9H2okE
Women's Shoes,200133142,Sexy Snake Pattern Square Head Women's Sandals 2020 New High Heels Thin Belt Hollow Fashion Summer NIUFUNI Casual Ladies Shoes,33002958380,https://ae01.alicdn.com/kf/HTB1Iyw4QZfpK1RjSZFOq6y6nFXaR/Sexy-Snake-Pattern-Square-Head-Women-s-Sandals-2020-New-High-Heels-Thin-Belt-Hollow-Fashion.jpg_220x220.jpg,"https://ae04.alicdn.com/kf/HTB1Iyw4QZfpK1RjSZFOq6y6nFXaR.jpg,https://ae04.alicdn.com/kf/HTB1CtQSQ7voK1RjSZPfq6xPKFXat.jpg,https://ae04.alicdn.com/kf/HTB1P534QZfpK1RjSZFOq6y6nFXa1.jpg,https://ae04.alicdn.com/kf/HTB168NcRiLaK1RjSZFxq6ymPFXa8.jpg,https://ae04.alicdn.com/kf/HTB1ouoSQVYqK1RjSZLeq6zXppXal.jpg,",https://www.aliexpress.com/item/33002958380.html,35.04,21.72,9.00%,2098-12-31,38%,https://s.click.aliexpress.com/e/_AFURJG
Women's Shoes,200133142,Fashion Color Matching High Heels Women's Sandals 2 Colors Sexy Casual Wearing Suede NIUFUNI New Arrival Summer Ladies Shoes,33003275543,https://ae01.alicdn.com/kf/HTB1NL8YQSzqK1RjSZFHq6z3CpXaR/Fashion-Color-Matching-High-Heels-Women-s-Sandals-2-Colors-Sexy-Casual-Wearing-Suede-NIUFUNI-New.jpg_220x220.jpg,"https://ae04.alicdn.com/kf/HTB1NL8YQSzqK1RjSZFHq6z3CpXaR.jpg,https://ae04.alicdn.com/kf/HTB1qrdSQSzqK1RjSZFLq6An2XXah.jpg,https://ae04.alicdn.com/kf/HTB1kJR2QIbpK1RjSZFyq6x_qFXaf.jpg,https://ae04.alicdn.com/kf/HTB1CORPQPDpK1RjSZFrq6y78VXab.jpg,https://ae04.alicdn.com/kf/HTB1xq8ZQFYqK1RjSZLeq6zXppXaa.jpg,",https://www.aliexpress.com/item/33003275543.html,34.07,21.12,9.00%,2098-12-31,38%,https://s.click.aliexpress.com/e/_AO1I6I
Women's Shoes,200133142,Sexy Leopard Thick High Heels Women's Sandals Suede NIUFUNI Bandage New Arrival Summer Round Head Banquet Casual Ladies Shoes,33003418468,https://ae01.alicdn.com/kf/HTB1ICiVRgHqK1RjSZFgq6y7JXXaJ/Sexy-Leopard-Thick-High-Heels-Women-s-Sandals-Suede-NIUFUNI-Bandage-New-Arrival-Summer-Round-Head.jpg_220x220.jpg,"https://ae04.alicdn.com/kf/HTB1ICiVRgHqK1RjSZFgq6y7JXXaJ.jpg,https://ae04.alicdn.com/kf/HTB1TjO2RgHqK1RjSZJnq6zNLpXaD.jpg,https://ae04.alicdn.com/kf/HTB1HGS6RgHqK1RjSZFkq6x.WFXaJ.jpg,https://ae04.alicdn.com/kf/HTB17_GYRkzoK1RjSZFlq6yi4VXaJ.jpg,https://ae04.alicdn.com/kf/HTB1gnuYRkzoK1RjSZFlq6yi4VXa4.jpg,",https://www.aliexpress.com/item/33003418468.html,36.46,22.61,9.00%,2098-12-31,38%,https://s.click.aliexpress.com/e/_9GW29G
Women's Shoes,200133142,Roman Fashion Sequins Women's Sandals 2020 New Arrival Summer Super High Heels Sexy Thick With Color Buckle Female Casual Shoes,33003168921,https://ae01.alicdn.com/kf/HTB16KI2Rr2pK1RjSZFsq6yNlXXaP/Roman-Fashion-Sequins-Women-s-Sandals-2020-New-Arrival-Summer-Super-High-Heels-Sexy-Thick-With.jpg_220x220.jpg,"https://ae04.alicdn.com/kf/HTB16KI2Rr2pK1RjSZFsq6yNlXXaP.jpg,https://ae04.alicdn.com/kf/HTB1ZKo6RpzqK1RjSZFoq6zfcXXaX.jpg,https://ae04.alicdn.com/kf/HTB1mRA6RAzoK1RjSZFlq6yi4VXaq.jpg,https://ae04.alicdn.com/kf/HTB11C.4RpYqK1RjSZLeq6zXppXav.jpg,https://ae04.alicdn.com/kf/HTB1SWEVRzDpK1RjSZFrq6y78VXaI.jpg,",https://www.aliexpress.com/item/33003168921.html,36.46,22.61,9.00%,2098-12-31,38%,https://s.click.aliexpress.com/e/_APlGDk
Women's Shoes,200133142,Pointed Shallow Women's Pumps 2020 New Ladies Sandals Rhinestone High Heels NIUFUNI Woman Sandals Transparent Sexy Casual Shoes,33003933456,https://ae01.alicdn.com/kf/HTB1Y.5uShjaK1RjSZKzq6xVwXXaN/Pointed-Shallow-Women-s-Pumps-2020-New-Ladies-Sandals-Rhinestone-High-Heels-NIUFUNI-Woman-Sandals-Transparent.jpg_220x220.jpg,"https://ae04.alicdn.com/kf/HTB1Y.5uShjaK1RjSZKzq6xVwXXaN.jpg,https://ae04.alicdn.com/kf/HTB1VeXvSmzqK1RjSZPcq6zTepXaq.jpg,https://ae04.alicdn.com/kf/HTB1Xup_ScbpK1RjSZFyq6x_qFXai.jpg,https://ae04.alicdn.com/kf/HTB1aVR1SmzqK1RjSZFLq6An2XXaE.jpg,https://ae04.alicdn.com/kf/HTB1ZlN6ShTpK1RjSZFMq6zG_VXas.jpg,",https://www.aliexpress.com/item/33003933456.html,44.39,23.53,9.00%,2098-12-31,47%,https://s.click.aliexpress.com/e/_AaBVP4
Women's Shoes,200133142,"Cotton Slippers Female Winter Lovers Home Cotton Shoes, Lovely Anti-Skid Plush Slippers, Warm Household Plush Slippers",1005001790839251,https://ae01.alicdn.com/kf/H96665fa9a494481580e17a42638a9bb3l/Cotton-Slippers-Female-Winter-Lovers-Home-Cotton-Shoes-Lovely-Anti-Skid-Plush-Slippers-Warm-Household-Plush.jpg_220x220.jpg,"https://ae04.alicdn.com/kf/H96665fa9a494481580e17a42638a9bb3l.jpg,https://ae04.alicdn.com/kf/H7436d1884da04c178b48b5910e5c07ddC.jpg,https://ae04.alicdn.com/kf/H065765125416476c996b57fb9ff18dc5A.jpg,https://ae04.alicdn.com/kf/Hdb0ee39854534d698eb89582f8ee82a8T.jpg,https://ae04.alicdn.com/kf/H9aa02a2e5ce749b283ba78012a97d50f5.jpg,",https://www.aliexpress.com/item/1005001790839251.html,17.60,8.98,9.00%,2098-12-31,49%,https://s.click.aliexpress.com/e/_ANFxgm
Women's Shoes,200133142,New Stiletto Flowers High Heels Women's Sandals Summer New Arrival Solid Color Satin Hollow Fashion NIUFUNI Ladies Casual Shoes,33004099792,https://ae01.alicdn.com/kf/HTB1E13jQ3HqK1RjSZFPq6AwapXa4/New-Stiletto-Flowers-High-Heels-Women-s-Sandals-Summer-New-Arrival-Solid-Color-Satin-Hollow-Fashion.jpg_220x220.jpg,"https://ae04.alicdn.com/kf/HTB1E13jQ3HqK1RjSZFPq6AwapXa4.jpg,https://ae04.alicdn.com/kf/HTB1KwwmQ7PoK1RjSZKbq6x1IXXaP.jpg,https://ae04.alicdn.com/kf/HTB1elP_Q9rqK1RjSZK9q6xyypXap.jpg,https://ae04.alicdn.com/kf/HTB1OQZiQVzqK1RjSZFoq6zfcXXaz.jpg,https://ae04.alicdn.com/kf/HTB1ZnkeQ8LoK1RjSZFuq6xn0XXax.jpg,",https://www.aliexpress.com/item/33004099792.html,34.71,21.52,9.00%,2098-12-31,38%,https://s.click.aliexpress.com/e/_9jorjk
Women's Shoes,200133142,Fashion Pointed Toe Leopard 2020 Summer Women's Slippers Casual Sandals Sexy Stiletto High Heels Wear Female Shoes NIUFUNI,33003277209,https://ae01.alicdn.com/kf/HTB12SxfRVzqK1RjSZFCq6zbxVXa4/Fashion-Pointed-Toe-Leopard-2020-Summer-Women-s-Slippers-Casual-Sandals-Sexy-Stiletto-High-Heels-Wear.jpg_220x220.jpg,"https://ae04.alicdn.com/kf/HTB12SxfRVzqK1RjSZFCq6zbxVXa4.jpg,https://ae04.alicdn.com/kf/HTB1994dR9zqK1RjSZFpq6ykSXXav.jpg,https://ae04.alicdn.com/kf/HTB1cs8fRYrpK1RjSZTEq6AWAVXaz.jpg,https://ae04.alicdn.com/kf/HTB10UJcRVzqK1RjSZFoq6zfcXXat.jpg,https://ae04.alicdn.com/kf/HTB1k0c6RMTqK1RjSZPhq6xfOFXaa.jpg,",https://www.aliexpress.com/item/33003277209.html,35.68,22.12,9.00%,2098-12-31,38%,https://s.click.aliexpress.com/e/_Ao4Aee
Women's Shoes,200133142,String Bead Furry Slippers Women Real Pabbit Fur Flip Flops Woman Sliders Pearl Slides Flat-soled Slippers Plush Shoes,1005001879710246,https://ae01.alicdn.com/kf/H0c22815e009541e88fdf092470b4d9fft/String-Bead-Furry-Slippers-Women-Real-Pabbit-Fur-Flip-Flops-Woman-Sliders-Pearl-Slides-Flat-soled.jpg_220x220.jpg,"https://ae04.alicdn.com/kf/H0c22815e009541e88fdf092470b4d9fft.jpg,https://ae04.alicdn.com/kf/H51f70a93843c485b9cc5f82779e2b886d.jpg,https://ae04.alicdn.com/kf/H78e7a5de3f8549c5bf356fa9714676f3Q.jpg,https://ae04.alicdn.com/kf/H80b9190b505044ea89b88c5e5aeb86e3m.jpg,https://ae04.alicdn.com/kf/H2aacfc95ace4405bbe41c1ba8c1055e3Z.jpg,",https://www.aliexpress.com/item/1005001879710246.html,23.60,12.04,8.00%,2098-12-31,49%,https://s.click.aliexpress.com/e/_99EA82
Women's Shoes,200133142,2020 New Winter Cotton Slippers Women's Home Lovely Antiskid Thick Soled Plush Warm Fur Moon Couple Shoes for Men,1005001879358941,https://ae01.alicdn.com/kf/H1bf3dbb373be4e53b2b2fe9b77e27c72x/2020-New-Winter-Cotton-Slippers-Women-s-Home-Lovely-Antiskid-Thick-Soled-Plush-Warm-Fur-Moon.jpg_220x220.jpg,"https://ae04.alicdn.com/kf/H1bf3dbb373be4e53b2b2fe9b77e27c72x.jpg,https://ae04.alicdn.com/kf/H128f92c8601a4ecf880507be9393872fe.jpg,https://ae04.alicdn.com/kf/H6028ccf8ef6545c5834489ae8afa6a4ai.jpg,https://ae04.alicdn.com/kf/H93ab306896334923b7d8d3b8bbf124dfA.jpg,https://ae04.alicdn.com/kf/He2aae0d5421f4bafb3e1150e2024a633l.jpg,",https://www.aliexpress.com/item/1005001879358941.html,17.60,8.98,8.00%,2098-12-31,49%,https://s.click.aliexpress.com/e/_AEnezk
Women's Shoes,200133142,"Brand Coconut Shoes, 350 Fluorescent Green Luminous Shoes, Men's and Women's Leisure Sports Shoes, Couple Fitness Running Shoes",1005002052026847,https://ae01.alicdn.com/kf/H5b3bfbd433284e5ebca493c674e56304f/Brand-Coconut-Shoes-350-Fluorescent-Green-Luminous-Shoes-Men-s-and-Women-s-Leisure-Sports-Shoes.jpg_220x220.jpg,"https://ae04.alicdn.com/kf/H5b3bfbd433284e5ebca493c674e56304f.jpg,https://ae04.alicdn.com/kf/H02626ef83adf4c4280da5857c23b788cA.jpg,https://ae04.alicdn.com/kf/H1c75fe43d46a4131ac28b9c3833c8a09c.jpg,https://ae04.alicdn.com/kf/H68d6cabeda3b42eba6789a91ddea33efZ.jpg,https://ae04.alicdn.com/kf/Hc24bb7bbf1f04b66adfee75432d03f8eg.jpg,",https://www.aliexpress.com/item/1005002052026847.html,33.60,17.14,8.00%,2098-12-31,49%,https://s.click.aliexpress.com/e/_A9BXNC
Women's Shoes,200133142,High Top Sneakers Women Platform White Shoes Pu Leather Casual Shoes Autmn 2021 New Female Sneakers Comfortable,1005002002873765,https://ae01.alicdn.com/kf/H783fb8d8578541f995563cef0bdd509c2/High-Top-Sneakers-Women-Platform-White-Shoes-Pu-Leather-Casual-Shoes-Autmn-2021-New-Female-Sneakers.jpg_220x220.jpg,"https://ae04.alicdn.com/kf/H783fb8d8578541f995563cef0bdd509c2.jpg,https://ae04.alicdn.com/kf/H642c1c18654b4d1db27b9bc6c76d8998B.jpg,https://ae04.alicdn.com/kf/H0b74ab516cdf4f7cbefc89099096d824i.jpg,https://ae04.alicdn.com/kf/Haedb82b42f2748108cca7f68c0137809v.jpg,https://ae04.alicdn.com/kf/H686aaf9cff014651bdf9320881328c07t.jpg,",https://www.aliexpress.com/item/1005002002873765.html,37.20,18.97,8.00%,2098-12-31,49%,https://s.click.aliexpress.com/e/_AFxYd4
Women's Shoes,200133142,2021 Spring and Autumn Brand Women's Casual Shoes High Top Sports Lovers Shoes Black and White Comfortable Men's Canvas Shoes,1005002000218398,https://ae01.alicdn.com/kf/Hea86523904194edeb02a38ca157a0082a/2021-Spring-and-Autumn-Brand-Women-s-Casual-Shoes-High-Top-Sports-Lovers-Shoes-Black-and.jpg_220x220.jpg,"https://ae04.alicdn.com/kf/Hea86523904194edeb02a38ca157a0082a.jpg,https://ae04.alicdn.com/kf/H047f8a168e384156896975e05d8b5f6dq.jpg,https://ae04.alicdn.com/kf/H29e1e9b3594f413d8fa6f20c5d1b3174v.jpg,https://ae04.alicdn.com/kf/Ha2d8e9ae8f984704be6f91106d248b9fm.jpg,https://ae04.alicdn.com/kf/Ha88820626c0146edacab4cc241ab8956U.jpg,",https://www.aliexpress.com/item/1005002000218398.html,29.80,15.20,8.00%,2098-12-31,49%,https://s.click.aliexpress.com/e/_A29mYS
Women's Shoes,200133142,Designer Shoes New Women's Vulcanized Shoes Sports Shoes Harajuku Lace Up Casual Shoes Breathable Walking Canvas Shoes 1970s,1005001944607535,https://ae01.alicdn.com/kf/He5b932a912bd42c1a2678cafb41485d8F/Designer-Shoes-New-Women-s-Vulcanized-Shoes-Sports-Shoes-Harajuku-Lace-Up-Casual-Shoes-Breathable-Walking.jpg_220x220.jpg,"https://ae04.alicdn.com/kf/He5b932a912bd42c1a2678cafb41485d8F.jpg,https://ae04.alicdn.com/kf/H027d59709f444a81b63a64769534ca79p.jpg,https://ae04.alicdn.com/kf/Hb7782e62447544faa1083ed23a2175363.jpg,https://ae04.alicdn.com/kf/H74a2da44c7d2494bad4fc54ec20f7c11X.jpg,https://ae04.alicdn.com/kf/H48f52891bc624f078973bf6bbef3e67bm.jpg,",https://www.aliexpress.com/item/1005001944607535.html,15.60,7.96,9.00%,2098-12-31,49%,https://s.click.aliexpress.com/e/_Ac0ebg
Women's Shoes,200133142,"Black Martin Boots Women's Shoes,New Fashion In Autumn and Winter of 2021, British Fashion, Korean Casual Leather Mid Tube Boots",1005002077580666,https://ae01.alicdn.com/kf/H3246c5ffeabe4149b286597018c24eddJ/Black-Martin-Boots-Women-s-Shoes-New-Fashion-In-Autumn-and-Winter-of-2021-British-Fashion.jpg_220x220.jpg,"https://ae04.alicdn.com/kf/H3246c5ffeabe4149b286597018c24eddJ.jpg,https://ae04.alicdn.com/kf/Ha7a81cea00fe438fa398d9e0f1b3ce14a.jpg,https://ae04.alicdn.com/kf/Hd0e11e900be541b98c81bb3b2ec2a9caf.jpg,https://ae04.alicdn.com/kf/Hdecc3738a16c451bb3d81b4c19ac08bck.jpg,https://ae04.alicdn.com/kf/Hc6090c8a33bc4b758404e45721710b261.jpg,",https://www.aliexpress.com/item/1005002077580666.html,45.60,23.26,8.00%,2098-12-31,49%,https://s.click.aliexpress.com/e/_APUM46
Women's Shoes,200133142,Women's Shoes Large Size with Drill Fly Woven Sports Shoes 2021 New Spring and Autumn Socks Shoes Mesh Leisure Vulcanized Shoes,1005001983588443,https://ae01.alicdn.com/kf/H99c9e90d72a14378829dd710885392102/Women-s-Shoes-Large-Size-with-Drill-Fly-Woven-Sports-Shoes-2021-New-Spring-and-Autumn.jpg_220x220.jpg,"https://ae04.alicdn.com/kf/H99c9e90d72a14378829dd710885392102.jpg,https://ae04.alicdn.com/kf/H0d0771653e854f4d9a5c0f68d92bd7146.jpg,https://ae04.alicdn.com/kf/H1a1059c7a3494943835c09a1ca5f7456F.jpg,https://ae04.alicdn.com/kf/H5a175e259cd142fabdb4c63217cf17263.jpg,https://ae04.alicdn.com/kf/Hd2f8bace3cbe409dbb5e9d879f07ccbcW.jpg,",https://www.aliexpress.com/item/1005001983588443.html,23.98,12.23,8.00%,2098-12-31,49%,https://s.click.aliexpress.com/e/_9HYIrY
Women's Shoes,200133142,Women's Plush High Top Shoes Popular In Autumn and Winter 2020 Korean Sports Board Shoes Leather White Running Shoes Women Shoes,1005001950931455,https://ae01.alicdn.com/kf/H13bfb7c1cb854c8eb038c3bb0ca3c9bfN/Women-s-Plush-High-Top-Shoes-Popular-In-Autumn-and-Winter-2020-Korean-Sports-Board-Shoes.jpg_220x220.jpg,"https://ae04.alicdn.com/kf/H13bfb7c1cb854c8eb038c3bb0ca3c9bfN.jpg,https://ae04.alicdn.com/kf/Hf18ad156a2694115b6da629674430e3d7.jpg,https://ae04.alicdn.com/kf/Hc11108da67704cbcaae38859e6730fdd2.jpg,https://ae04.alicdn.com/kf/Hc07c0fd2e02c4e0db0c40aef23da917d6.jpg,https://ae04.alicdn.com/kf/H9820483ec14e4f6092f29fd6d3033a56S.jpg,",https://www.aliexpress.com/item/1005001950931455.html,40.19,20.50,9.00%,2098-12-31,49%,https://s.click.aliexpress.com/e/_9xcSam
Women's Shoes,200133142,"Women's Mesh Woven Breathable Sports Shoes, Summer Running Fitness Sports Casual Shoes, Light Soft Sole Small White Shoes",1005001958092512,https://ae01.alicdn.com/kf/Hf7444693caee4552b52aefa61910d5cfR/Women-s-Mesh-Woven-Breathable-Sports-Shoes-Summer-Running-Fitness-Sports-Casual-Shoes-Light-Soft-Sole.jpg_220x220.jpg,"https://ae04.alicdn.com/kf/Hf7444693caee4552b52aefa61910d5cfR.jpg,https://ae04.alicdn.com/kf/Hbfbf473cfe1c40918d2739fe5c40da8eq.jpg,https://ae04.alicdn.com/kf/He1c696e1187140ce97ad56bd4f1985b7B.jpg,https://ae04.alicdn.com/kf/H89ccc5a2baa54b73a52c8fb9e5f396fcu.jpg,https://ae04.alicdn.com/kf/H010704f2440842798adb0ed8e3de54eel.jpg,",https://www.aliexpress.com/item/1005001958092512.html,23.98,12.23,8.00%,2098-12-31,49%,https://s.click.aliexpress.com/e/_AsCu3C
Women's Shoes,200133142,"Spring and Autumn New Women's Sports Shoes,2021 Popular Street Hip-hop High Top Flat Shoes,Lace Up Leather Fashion Running Shoes",1005001949939053,https://ae01.alicdn.com/kf/H2453d6cc94194e0a8ce12a26e0434a7cj/Spring-and-Autumn-New-Women-s-Sports-Shoes-2021-Popular-Street-Hip-hop-High-Top-Flat.jpg_220x220.jpg,"https://ae04.alicdn.com/kf/H2453d6cc94194e0a8ce12a26e0434a7cj.jpg,https://ae04.alicdn.com/kf/H8a0852cbf96848169943f9644bc0a596X.jpg,https://ae04.alicdn.com/kf/Hc1d1d1d13d50415d9db4e6d554189218A.jpg,https://ae04.alicdn.com/kf/Hcb78ed7b4bd045bf957f39f3f526cd9a7.jpg,https://ae04.alicdn.com/kf/H38959a4ff25e49f3a81ea29bd51bd34bF.jpg,",https://www.aliexpress.com/item/1005001949939053.html,47.94,24.45,9.00%,2098-12-31,49%,https://s.click.aliexpress.com/e/_9Al4qe
Women's Shoes,200133142,"Spring and Autumn 2021 Men's and Women's Sports Shoes, 350 Coconut Luminous Mesh Breathable Casual Shoes, Running Couple Shoes",1005002077811933,https://ae01.alicdn.com/kf/Hc4f1961ca861436286faa356a366c971R/Spring-and-Autumn-2021-Men-s-and-Women-s-Sports-Shoes-350-Coconut-Luminous-Mesh-Breathable.jpg_220x220.jpg,"https://ae04.alicdn.com/kf/Hc4f1961ca861436286faa356a366c971R.jpg,https://ae04.alicdn.com/kf/Hc0f9f249dbe946b4998445e8ef91fdb5X.jpg,https://ae04.alicdn.com/kf/Hd3b07d9692cd45969f61141046795ab1H.jpg,https://ae04.alicdn.com/kf/H11df340d57724c1cad1403389bebd4edW.jpg,https://ae04.alicdn.com/kf/Hc3872b05cebc4d369f6d6f7dc71be6ada.jpg,",https://www.aliexpress.com/item/1005002077811933.html,69.20,35.29,8.00%,2098-12-31,49%,https://s.click.aliexpress.com/e/_AFp6WQ
Women's Shoes,200133142,"Women's Loose Cake Bottom High Top Casual Shoes,2021 Spring and Autumn New Korean Popular Sports Shoes, Thick Soled Canvas Shoes",1005001951147035,https://ae01.alicdn.com/kf/H34da6d53df6942e79bb1bcc5d9a44f831/Women-s-Loose-Cake-Bottom-High-Top-Casual-Shoes-2021-Spring-and-Autumn-New-Korean-Popular.jpg_220x220.jpg,"https://ae04.alicdn.com/kf/H34da6d53df6942e79bb1bcc5d9a44f831.jpg,https://ae04.alicdn.com/kf/H6139516a9c4648a4806c3796efa862b48.jpg,https://ae04.alicdn.com/kf/H5e0dc392463a4bcf8fbe2c9774c18434J.jpg,https://ae04.alicdn.com/kf/H209ddae8ebc046ba836b71d9f846cca0x.jpg,https://ae04.alicdn.com/kf/H2dfe58156d2e4e7d9584749e56d9577ec.jpg,",https://www.aliexpress.com/item/1005001951147035.html,41.44,21.13,9.00%,2098-12-31,49%,https://s.click.aliexpress.com/e/_AWqaJu
Women's Shoes,200133142,Fashion Shoes Women's Vulcanize Shoes Spring New Casual Classic Solid Color PU Leather Shoes Women Casual White Shoes Sneakers,1005001977374400,https://ae01.alicdn.com/kf/Hf20858f62bbb477db69ea4c833fb349be/Fashion-Shoes-Women-s-Vulcanize-Shoes-Spring-New-Casual-Classic-Solid-Color-PU-Leather-Shoes-Women.jpg_220x220.jpg,"https://ae04.alicdn.com/kf/Hf20858f62bbb477db69ea4c833fb349be.jpg,https://ae04.alicdn.com/kf/H13b3ab37f40845088cb3beb14c373129a.jpg,https://ae04.alicdn.com/kf/H4a9adae1456941b1aabc073626ac27b9V.jpg,https://ae04.alicdn.com/kf/He72ad1a1736143348f417c5d973d4ddev.jpg,https://ae04.alicdn.com/kf/H02b0522b1909446d8ab16777cc66e33cL.jpg,",https://www.aliexpress.com/item/1005001977374400.html,31.80,16.22,8.00%,2098-12-31,49%,https://s.click.aliexpress.com/e/_9yKMwI
Women's Shoes,200133142,Fashion Leisure Brand Sports Shoes Spring and Autumn Low Top Star Canvas Shoes Men's and Women's Couples Breathable Flat Shoes,1005001995593773,https://ae01.alicdn.com/kf/Hea073e270f754211bc0cd559327da1ea1/Fashion-Leisure-Brand-Sports-Shoes-Spring-and-Autumn-Low-Top-Star-Canvas-Shoes-Men-s-and.jpg_220x220.jpg,"https://ae04.alicdn.com/kf/Hea073e270f754211bc0cd559327da1ea1.jpg,https://ae04.alicdn.com/kf/H74f042be599947a78877f87790b90b63R.jpg,https://ae04.alicdn.com/kf/H9f06500c3b824a3e9361b490fb809808G.jpg,https://ae04.alicdn.com/kf/H024350d308164ba4b3d941a457816cebo.jpg,https://ae04.alicdn.com/kf/Hcb6405cb06714bebae1fce4bf027870cj.jpg,",https://www.aliexpress.com/item/1005001995593773.html,29.60,15.10,8.00%,2098-12-31,49%,https://s.click.aliexpress.com/e/_AU4E0w
Women's Shoes,200133142,"New Fashion Shoes, Elastic Sock Shoes, Breathable Sock Boots, High Top Sports Women's Shoes, Leisure Flying Woven Running Shoes",1005002075481159,https://ae01.alicdn.com/kf/He95114f614bf499fa7003d051ea94515Z/New-Fashion-Shoes-Elastic-Sock-Shoes-Breathable-Sock-Boots-High-Top-Sports-Women-s-Shoes-Leisure.jpg_220x220.jpg,"https://ae04.alicdn.com/kf/He95114f614bf499fa7003d051ea94515Z.jpg,https://ae04.alicdn.com/kf/Hf3293295689f47a5bba96725e1a366b9j.jpg,https://ae04.alicdn.com/kf/H45e55bf2ddf04b0c9af3f9fd14783b99R.jpg,https://ae04.alicdn.com/kf/Hd2686ff83af649ffba1b7c694b3f7e2f1.jpg,https://ae04.alicdn.com/kf/H82daedb6c62441b1893d561434f9e4c5y.jpg,",https://www.aliexpress.com/item/1005002075481159.html,37.80,19.28,8.00%,2098-12-31,49%,https://s.click.aliexpress.com/e/_9wsUTu
Women's Shoes,200133142,"Leather Short Boots Women's New Fall / Winter 2020 Plush Boots, British Style Flat Bottomed Low Heel Fashionable Martin Boots",1005001821659771,https://ae01.alicdn.com/kf/He8cc90daf21b4491a91f52f9d10bf1abc/Leather-Short-Boots-Women-s-New-Fall-Winter-2020-Plush-Boots-British-Style-Flat-Bottomed-Low.jpg_220x220.jpg,"https://ae04.alicdn.com/kf/He8cc90daf21b4491a91f52f9d10bf1abc.jpg,https://ae04.alicdn.com/kf/H1abb34248cc94c1a986edfbaf7e00a75a.jpg,https://ae04.alicdn.com/kf/He037a7b38dca4eae96976b1f2dcf1309N.jpg,https://ae04.alicdn.com/kf/He668d9ecad4f4e869212e501f4b06af7e.jpg,https://ae04.alicdn.com/kf/H34ce6b42b3e2410ab7011b1159497f49r.jpg,",https://www.aliexpress.com/item/1005001821659771.html,74.36,37.92,8.00%,2098-12-31,49%,https://s.click.aliexpress.com/e/_AOm1Ka
Women's Shoes,200133142,2021 Spring Autumn New Style Women Vulcanized Solid Shoes Sneakers Ladies Lace-up Casual Shoes Breathable Walking Canvas Shoes,1005002075238075,https://ae01.alicdn.com/kf/H9b549571fdfe437689a50cf94417eb31S/2021-Spring-Autumn-New-Style-Women-Vulcanized-Solid-Shoes-Sneakers-Ladies-Lace-up-Casual-Shoes-Breathable.jpg_220x220.jpg,"https://ae04.alicdn.com/kf/H9b549571fdfe437689a50cf94417eb31S.jpg,https://ae04.alicdn.com/kf/H0f0c777406fa46db8926b4de9cc1b4c1Q.jpg,https://ae04.alicdn.com/kf/Hc52f97e163f6481ba3b60b9bc99d6b7fi.jpg,https://ae04.alicdn.com/kf/H565e0b5b43724e0d92396e6131a17ec67.jpg,https://ae04.alicdn.com/kf/Haf8d471368be4e6bb427d37573bf7e17u.jpg,",https://www.aliexpress.com/item/1005002075238075.html,37.80,19.28,8.00%,2098-12-31,49%,https://s.click.aliexpress.com/e/_AqeRwE
Women's Shoes,200133142,Women Sneakers Leather Shoes Spring Trend Casual Flats Sneakers Female New Fashion Comfort White Vulcanized Platform Shoes,1005001910888735,https://ae01.alicdn.com/kf/Hf23cc8adbe88412384d2085219008673E/Women-Sneakers-Leather-Shoes-Spring-Trend-Casual-Flats-Sneakers-Female-New-Fashion-Comfort-White-Vulcanized-Platform.jpg_220x220.jpg,"https://ae04.alicdn.com/kf/Hf23cc8adbe88412384d2085219008673E.jpg,https://ae04.alicdn.com/kf/Hef70170229ab4322a1d55c02c52282fbj.jpg,https://ae04.alicdn.com/kf/Hc5e08838f4e340eda76f28d7d3d5aad9Q.jpg,https://ae04.alicdn.com/kf/He210fd0f371a4e44bfe61170ae507807f.jpg,https://ae04.alicdn.com/kf/H4c46a5f080214d568dfec3d5d6a8fb30O.jpg,",https://www.aliexpress.com/item/1005001910888735.html,37.92,19.34,8.00%,2098-12-31,49%,https://s.click.aliexpress.com/e/_9ixaSq
Women's Shoes,200133142,Women's Shoes 2021 Summer New Fashion Small Daisy Mesh Breathable Small White Shoes Flying Woven Leisure Sports Running Shoes,1005001989185730,https://ae01.alicdn.com/kf/H03b36b70b8d047fea52e4e077b38d209b/Women-s-Shoes-2021-Summer-New-Fashion-Small-Daisy-Mesh-Breathable-Small-White-Shoes-Flying-Woven.jpg_220x220.jpg,"https://ae04.alicdn.com/kf/H03b36b70b8d047fea52e4e077b38d209b.jpg,https://ae04.alicdn.com/kf/H2b6d45b05d88499fa663235b718697ecj.jpg,https://ae04.alicdn.com/kf/Hd380e76e39564831bd2141c90bddb7c6v.jpg,https://ae04.alicdn.com/kf/H43af20f985384cfc9e2bf00a0e2810d65.jpg,https://ae04.alicdn.com/kf/H6a0701f73d8b4f0fa7a12e88298ba6fdT.jpg,",https://www.aliexpress.com/item/1005001989185730.html,29.80,15.20,8.00%,2098-12-31,49%,https://s.click.aliexpress.com/e/_ADnioa
Women's Shoes,200133142,2021 Printemps Coréen Xue Sheng Ban Xie Wang Rouge Petite Marguerite Chaussures De Sport Chaussures Blanches Femme Chaussures Ba,1005002035908491,https://ae01.alicdn.com/kf/H31bf10420b4041c2864a07183051e30cC/2021-Printemps-Coréen-Xue-Sheng-Ban-Xie-Wang-Rouge-Petite-Marguerite-Chaussures-De-Sport-Chaussures-Blanches.jpg_220x220.jpg,"https://ae04.alicdn.com/kf/H31bf10420b4041c2864a07183051e30cC.jpg,https://ae04.alicdn.com/kf/H379790afe6144f0d9567f39c9685bb02H.jpg,https://ae04.alicdn.com/kf/H2667efd364da49c199b9649afee318d4q.jpg,https://ae04.alicdn.com/kf/H659da722f06d42adb9ab10d707ae7143S.jpg,https://ae04.alicdn.com/kf/H3144407e0aa14c019caa9584e653caa6D.jpg,",https://www.aliexpress.com/item/1005002035908491.html,33.60,17.14,8.00%,2098-12-31,49%,https://s.click.aliexpress.com/e/_AsiHfM
Women's Shoes,200133142,"Spring and Summer Women's Sports Running Shoes, Soft Bottom Anti Slip Coconut Shoes, Flying Woven Breathable Lace Up Flat Shoes",1005002071548766,https://ae01.alicdn.com/kf/H2c857aa6d4884e7d8a244742fd96b4006/Spring-and-Summer-Women-s-Sports-Running-Shoes-Soft-Bottom-Anti-Slip-Coconut-Shoes-Flying-Woven.jpg_220x220.jpg,"https://ae04.alicdn.com/kf/H2c857aa6d4884e7d8a244742fd96b4006.jpg,https://ae04.alicdn.com/kf/H551d27fb35ff43aeaced56addbe526e4U.jpg,https://ae04.alicdn.com/kf/H8d36f2b30a4145699916474bbe5b8d1eM.jpg,https://ae04.alicdn.com/kf/H36abc2898d8b4fdbb9eae5167aa100a9w.jpg,https://ae04.alicdn.com/kf/H74495d19ef5444c6be4859d9039ab8ceZ.jpg,",https://www.aliexpress.com/item/1005002071548766.html,23.80,12.14,8.00%,2098-12-31,49%,https://s.click.aliexpress.com/e/_9AJpiK
Women's Shoes,200133142,"Spring and Autumn Winter New Korean Plush Sports Shoes, Women's Shoes, Pink Casual Shoes, Lace Up Running Shoes, Flat Shoes",1005001811248886,https://ae01.alicdn.com/kf/H2849269bc2a24d36b29433d846815f14v/Spring-and-Autumn-Winter-New-Korean-Plush-Sports-Shoes-Women-s-Shoes-Pink-Casual-Shoes-Lace.jpg_220x220.jpg,"https://ae04.alicdn.com/kf/H2849269bc2a24d36b29433d846815f14v.jpg,https://ae04.alicdn.com/kf/H080a0e7b27c04728af3f7b801d050105x.jpg,https://ae04.alicdn.com/kf/H73e889db5f5040f19613672c93356b0cI.jpg,https://ae04.alicdn.com/kf/H4a1b0c1c96064927ac032602f3e7021a9.jpg,https://ae04.alicdn.com/kf/H8f1a7dd2351b4691895cad3496377bb36.jpg,",https://www.aliexpress.com/item/1005001811248886.html,76.56,39.05,9.00%,2098-12-31,49%,https://s.click.aliexpress.com/e/_Adkb0e
Women's Shoes,200133142,"Plush High Elastic Sock Shoes, Women's New Winter Thick Soled Snow Boots, Air Cushion Warm High Top Leisure Sports Shoes",1005001919930584,https://ae01.alicdn.com/kf/H911f0922c4644edfb8c491b01a822e03v/Plush-High-Elastic-Sock-Shoes-Women-s-New-Winter-Thick-Soled-Snow-Boots-Air-Cushion-Warm.jpg_220x220.jpg,"https://ae04.alicdn.com/kf/H911f0922c4644edfb8c491b01a822e03v.jpg,https://ae04.alicdn.com/kf/H466e7c1ea8764992991a688ec04e9158B.jpg,https://ae04.alicdn.com/kf/H75cc6801f05d4830ae5953abc40777e0p.jpg,https://ae04.alicdn.com/kf/H685f10f3710e492d8949bd34a5517326y.jpg,https://ae04.alicdn.com/kf/H118f492322a449bba99c0bba444da7baW.jpg,",https://www.aliexpress.com/item/1005001919930584.html,41.36,21.09,9.00%,2098-12-31,49%,https://s.click.aliexpress.com/e/_9G2xMQ
Women's Shoes,200133142,Men's High Top Canvas Shoes Spring and Autumn Breathable Couple Casual Board Shoes Korean Cartoon Women's Sports Running Shoes,1005001981305473,https://ae01.alicdn.com/kf/Hd9e4ce4a3b8f4ea4a9e0553945c303cct/Men-s-High-Top-Canvas-Shoes-Spring-and-Autumn-Breathable-Couple-Casual-Board-Shoes-Korean-Cartoon.jpg_220x220.jpg,"https://ae04.alicdn.com/kf/Hd9e4ce4a3b8f4ea4a9e0553945c303cct.jpg,https://ae04.alicdn.com/kf/Hc5b1f642df5d433fb3b895db5f535e1cM.jpg,https://ae04.alicdn.com/kf/H1e3eb0097f5f4e22ad98d5a9ff846f30f.jpg,https://ae04.alicdn.com/kf/H52d6905dfd524c71a902c2b2989f91553.jpg,https://ae04.alicdn.com/kf/H684e54b8272b44b58f771f8ac0b61b52t.jpg,",https://www.aliexpress.com/item/1005001981305473.html,39.80,20.30,8.00%,2098-12-31,49%,https://s.click.aliexpress.com/e/_Apr39u
Women's Shoes,200133142,Little Daisy Women's High Top Black Canvas Shoes Brand Sports Running Shoes Spring Autumn 2021 Korean Classic Retro Board Shoes,1005001991054952,https://ae01.alicdn.com/kf/H5518b7550e07443e9398c98a3dd12ffc1/Little-Daisy-Women-s-High-Top-Black-Canvas-Shoes-Brand-Sports-Running-Shoes-Spring-Autumn-2021.jpg_220x220.jpg,"https://ae04.alicdn.com/kf/H5518b7550e07443e9398c98a3dd12ffc1.jpg,https://ae04.alicdn.com/kf/H3d8238df5886401681aa45c9f377b9609.jpg,https://ae04.alicdn.com/kf/H988890dd60004842b35423e1c441c12dg.jpg,https://ae04.alicdn.com/kf/H294bfe28a3b448e785f58fc8a7aff36fg.jpg,https://ae04.alicdn.com/kf/H35f8b20fb53942e3a25e6030f302d211y.jpg,",https://www.aliexpress.com/item/1005001991054952.html,35.20,17.95,8.00%,2098-12-31,49%,https://s.click.aliexpress.com/e/_A8LZQi
Women's Shoes,200133142,Summer New Women's Canvas Shoes British Style Solid Color All Black Men's Board Shoes High Top Cloth Shoes Couple Sports Shoes,1005001986320810,https://ae01.alicdn.com/kf/Ha9227c147b7e4179a9ee23c9d9a7f5b09/Summer-New-Women-s-Canvas-Shoes-British-Style-Solid-Color-All-Black-Men-s-Board-Shoes.jpg_220x220.jpg,"https://ae04.alicdn.com/kf/Ha9227c147b7e4179a9ee23c9d9a7f5b09.jpg,https://ae04.alicdn.com/kf/Hd60e98a1d1cb4e32a9f00e7f61f2d105L.jpg,https://ae04.alicdn.com/kf/H34921c4af76c4bd08d71ceb552a8d2b60.jpg,https://ae04.alicdn.com/kf/H4841fce4b0414c0d9121c74f5dc4d0cft.jpg,https://ae04.alicdn.com/kf/H5cb682dec1f54f8aa46ebebf8a047b24H.jpg,",https://www.aliexpress.com/item/1005001986320810.html,35.20,17.95,8.00%,2098-12-31,49%,https://s.click.aliexpress.com/e/_9xAPOS
Women's Shoes,200133142,"2020 Winter Wool Shoes, Women's Flat Bottom Cotton Shoes, Lace Up Board Shoes, Korean Fashion Plush Sequined Bean  Flats Shoes",1005001783882043,https://ae01.alicdn.com/kf/Hc4d3ea3290604991aeb7a77f5e6d2774n/2020-Winter-Wool-Shoes-Women-s-Flat-Bottom-Cotton-Shoes-Lace-Up-Board-Shoes-Korean-Fashion.jpg_220x220.jpg,"https://ae04.alicdn.com/kf/Hc4d3ea3290604991aeb7a77f5e6d2774n.jpg,https://ae04.alicdn.com/kf/H4e7282987f56456a9e5e78b172c64212W.jpg,https://ae04.alicdn.com/kf/H034d4747fa5747f098067c1340f399771.jpg,https://ae04.alicdn.com/kf/Hd1c4f98fcc534b54b222ab781f4b3e306.jpg,https://ae04.alicdn.com/kf/H21b8f7c79ea848e99df4a03eeb84c6de2.jpg,",https://www.aliexpress.com/item/1005001783882043.html,40.92,20.87,9.00%,2098-12-31,49%,https://s.click.aliexpress.com/e/_AOuOIq
Women's Shoes,200133142,"2021 Spring and Summer New Korean Brand Biscuit Shoes, Women Caramel Casual Board Shoes, Retro Canvas Shoes, Single Shoes",1005002030699953,https://ae01.alicdn.com/kf/H6cc16cc8a74a42c7b026c766e6e9ca81T/2021-Spring-and-Summer-New-Korean-Brand-Biscuit-Shoes-Women-Caramel-Casual-Board-Shoes-Retro-Canvas.jpg_220x220.jpg,"https://ae04.alicdn.com/kf/H6cc16cc8a74a42c7b026c766e6e9ca81T.jpg,https://ae04.alicdn.com/kf/Hc720c7e1594c4cd58a8042a0f44be23aR.jpg,https://ae04.alicdn.com/kf/Hea9353e974384d10bc073cf686520cb3s.jpg,https://ae04.alicdn.com/kf/Hb299808097a04e129636da8b3092fb15f.jpg,https://ae04.alicdn.com/kf/Hf70f6581ca0a4ee0be4adf77e9c159716.jpg,",https://www.aliexpress.com/item/1005002030699953.html,33.20,,8.00%,2098-12-31,null%,https://s.click.aliexpress.com/e/_9Gyuv4
Women's Shoes,200133142,Spring and Summer New Women's Shoes 2021 New Round Head Flat Bottom Soft Sole Fashion Mesh Splicing Breathable Casual Shoes,1005002030484711,https://ae01.alicdn.com/kf/H8bdce933b71e4bd88b92cd2dd424a48am/Spring-and-Summer-New-Women-s-Shoes-2021-New-Round-Head-Flat-Bottom-Soft-Sole-Fashion.jpg_220x220.jpg,"https://ae04.alicdn.com/kf/H8bdce933b71e4bd88b92cd2dd424a48am.jpg,https://ae04.alicdn.com/kf/H7a352c6ab7fb4a3f98d70f9330a4a3e5O.jpg,https://ae04.alicdn.com/kf/H11beac9c17974c4a874ed230dbb732c2N.jpg,https://ae04.alicdn.com/kf/Hd30eb5f1c20343849c3b0e0441d04cfcM.jpg,https://ae04.alicdn.com/kf/Ha34f2467518a43dbaa83c3a2d039255be.jpg,",https://www.aliexpress.com/item/1005002030484711.html,27.60,14.08,8.00%,2098-12-31,49%,https://s.click.aliexpress.com/e/_A2bpkm
Women's Shoes,200133142,Fashion Ladies Sneakers Woman Men's Shoes 2021 Summer New Flying Fabric Casual Wild Mesh Breathable Shoes Coconut Shoes Running,1005001919412098,https://ae01.alicdn.com/kf/Hd1988556cd3645149386bbcd87571d47A/Fashion-Ladies-Sneakers-Woman-Men-s-Shoes-2021-Summer-New-Flying-Fabric-Casual-Wild-Mesh-Breathable.jpg_220x220.jpg,"https://ae04.alicdn.com/kf/Hd1988556cd3645149386bbcd87571d47A.jpg,https://ae04.alicdn.com/kf/H053488cf702d4a46a54d566311be9e67Q.jpg,https://ae04.alicdn.com/kf/H504dca13f31e40b9881e9a42405f33a39.jpg,https://ae04.alicdn.com/kf/H61d69fd5295644c58ea37f14cca8ef78p.jpg,https://ae04.alicdn.com/kf/H102fbdc7092e471b9afaa3507d4735f9G.jpg,",https://www.aliexpress.com/item/1005001919412098.html,33.58,16.79,8.00%,2098-12-31,50%,https://s.click.aliexpress.com/e/_991qJg
Women's Shoes,200133142,Autumn and Winter Women's Shoes 2021 Korean Fashion Leather Casual Shoes Comfortable Plush Warm Lightweight Flat Shoes,1005001911245022,https://ae01.alicdn.com/kf/H5de63eb4fd6b4ae483f7317cdcce3782B/Autumn-and-Winter-Women-s-Shoes-2021-Korean-Fashion-Leather-Casual-Shoes-Comfortable-Plush-Warm-Lightweight.jpg_220x220.jpg,"https://ae04.alicdn.com/kf/H5de63eb4fd6b4ae483f7317cdcce3782B.jpg,https://ae04.alicdn.com/kf/Hb65ba89faf814bfda4551fbe2f23fafeZ.jpg,https://ae04.alicdn.com/kf/Hb24a74e0dc0342b4812086b0b3a01ad8Y.jpg,https://ae04.alicdn.com/kf/H596cfa21c1a54926bedb8ffb3db991751.jpg,https://ae04.alicdn.com/kf/Heff14a9b29a34745ae43d089d64b6131u.jpg,",https://www.aliexpress.com/item/1005001911245022.html,37.92,19.34,8.00%,2098-12-31,49%,https://s.click.aliexpress.com/e/_AEV9E6
Women's Shoes,200133142,"Women's High Top Canvas Casual Shoes for Lovers, Spring and Autumn Korean Breathable Board Shoes, Men's Sports Running Shoes",1005001981490091,https://ae01.alicdn.com/kf/H5d26803389954b028647948bbc3e526an/Women-s-High-Top-Canvas-Casual-Shoes-for-Lovers-Spring-and-Autumn-Korean-Breathable-Board-Shoes.jpg_220x220.jpg,"https://ae04.alicdn.com/kf/H5d26803389954b028647948bbc3e526an.jpg,https://ae04.alicdn.com/kf/H78e2d71af35d4bde923f5db562007db6S.jpg,https://ae04.alicdn.com/kf/H330880645ea54c43adb9fcd9d8fbbb770.jpg,https://ae04.alicdn.com/kf/H14b9e261b1de48609d59475c481e353cT.jpg,https://ae04.alicdn.com/kf/Hfaf4f7e627f2495da8f2b3f4809573b5X.png,",https://www.aliexpress.com/item/1005001981490091.html,39.60,20.20,8.00%,2098-12-31,49%,https://s.click.aliexpress.com/e/_AV6dLU
Women's Shoes,200133142,"Women's Plush Sports Shoes, Autumn and Winter Flat Bottom Leisure Mesh Breathable Shoes, Fashionable Small White Shoes",1005001811038791,https://ae01.alicdn.com/kf/H9c0e2211ab04461fb6a337a4a69932e1c/Women-s-Plush-Sports-Shoes-Autumn-and-Winter-Flat-Bottom-Leisure-Mesh-Breathable-Shoes-Fashionable-Small.jpg_220x220.jpg,"https://ae04.alicdn.com/kf/H9c0e2211ab04461fb6a337a4a69932e1c.jpg,https://ae04.alicdn.com/kf/Hd72c221a640a4133a27c03cad8d0641f1.jpg,https://ae04.alicdn.com/kf/H22336f2964904c41a40357c3e9c2929d8.jpg,https://ae04.alicdn.com/kf/H8144ce77918b4dcb8482a90dd6ac9fff4.jpg,https://ae04.alicdn.com/kf/H7fc8fcd6810b4b239c89e246fd26eff5D.jpg,",https://www.aliexpress.com/item/1005001811038791.html,58.52,29.85,9.00%,2098-12-31,49%,https://s.click.aliexpress.com/e/_ATYlcW
Women's Shoes,200133142,Women's Shoes 2021 Winter New Lamb Maodou Shoes Korean Velcro Thick Soled Plush Cotton Shoes Warm Casual Maomao Board Shoes,1005001991027487,https://ae01.alicdn.com/kf/H19f961b2e0b4433c87cb4cfe382e21e5g/Women-s-Shoes-2021-Winter-New-Lamb-Maodou-Shoes-Korean-Velcro-Thick-Soled-Plush-Cotton-Shoes.jpg_220x220.jpg,"https://ae04.alicdn.com/kf/H19f961b2e0b4433c87cb4cfe382e21e5g.jpg,https://ae04.alicdn.com/kf/H2f57ee215a454ebc91c23c3707c34c35I.jpg,https://ae04.alicdn.com/kf/H6d932045e3dc4791b3c828de80913d383.jpg,https://ae04.alicdn.com/kf/Hb2eda04c99944213bcfe7294bb54c173e.jpg,https://ae04.alicdn.com/kf/Hadb8350739bf4bd79dca261d10f62488j.jpg,",https://www.aliexpress.com/item/1005001991027487.html,47.60,24.28,8.00%,2098-12-31,49%,https://s.click.aliexpress.com/e/_98FLzC
Women's Shoes,200133142,2020 New Winter Plush Warm Boots British Women's Thickened Flat Bottom Anti Slip Soft Sole Shoes Russian Snow Boots Cotton Shoes,1005002048607638,https://ae01.alicdn.com/kf/H82ac4b9372664f7197f9dd1348aee0e5V/2020-New-Winter-Plush-Warm-Boots-British-Women-s-Thickened-Flat-Bottom-Anti-Slip-Soft-Sole.jpg_220x220.jpg,"https://ae04.alicdn.com/kf/H82ac4b9372664f7197f9dd1348aee0e5V.jpg,https://ae04.alicdn.com/kf/Hcb1125602e134491b5a8fd095f8c956ap.jpg,https://ae04.alicdn.com/kf/H7309a25da71542a48ccbfe7bf524b007T.jpg,https://ae04.alicdn.com/kf/Hdace9df23ba1440aa9b92aab400b0c53W.jpg,https://ae04.alicdn.com/kf/H45fd5f2f37454a30b3f9df9ecb41d78a1.jpg,",https://www.aliexpress.com/item/1005002048607638.html,45.20,23.05,8.00%,2098-12-31,49%,https://s.click.aliexpress.com/e/_AnRsjo
Women's Shoes,200133142,Fashion Crystal Transparent High Heels Women's New Arrival Summer Thick Heels Casual Wear Ladies Shoes NIUFUNI 2020 Sexy Shoes,33001890032,https://ae01.alicdn.com/kf/HTB1iFRBQFzqK1RjSZFoq6zfcXXat/Fashion-Crystal-Transparent-High-Heels-Women-s-New-Arrival-Summer-Thick-Heels-Casual-Wear-Ladies-Shoes.jpg_220x220.jpg,"https://ae04.alicdn.com/kf/HTB1iFRBQFzqK1RjSZFoq6zfcXXat.jpg,https://ae04.alicdn.com/kf/HTB1kRdtQSzqK1RjSZFLq6An2XXaF.jpg,https://ae04.alicdn.com/kf/HTB1GWXrQMTqK1RjSZPhq6xfOFXaj.jpg,https://ae04.alicdn.com/kf/HTB1zpdCQSzqK1RjSZFpq6ykSXXaU.jpg,https://ae04.alicdn.com/kf/HTB1tQFzQFYqK1RjSZLeq6zXppXan.jpg,",https://www.aliexpress.com/item/33001890032.html,37.75,23.41,9.00%,2098-12-31,38%,https://s.click.aliexpress.com/e/_98HtLM
Women's Shoes,200133142,"2021 Spring and Autumn Coconut Shoes Men's and Women's Sports Casual Shoes, Flying Weaving Lovers Korean Soft Sole Running Shoes",1005001896275215,https://ae01.alicdn.com/kf/H3a6a2c4bfaac4474afc488ff56b24cceR/2021-Spring-and-Autumn-Coconut-Shoes-Men-s-and-Women-s-Sports-Casual-Shoes-Flying-Weaving.jpg_220x220.jpg,"https://ae04.alicdn.com/kf/H3a6a2c4bfaac4474afc488ff56b24cceR.jpg,https://ae04.alicdn.com/kf/Hca94b5716e0640deb19e5ca1d5754162b.jpg,https://ae04.alicdn.com/kf/H5f4a065992d54e0c943e378977f3cf11h.jpg,https://ae04.alicdn.com/kf/H81eeaeb5398c494eb11059794be5614fs.jpg,https://ae04.alicdn.com/kf/H56e7e75f01e041dcb107978bc7d1ff80I.jpg,",https://www.aliexpress.com/item/1005001896275215.html,69.12,35.25,8.00%,2098-12-31,49%,https://s.click.aliexpress.com/e/_ADvf8q
Women's Shoes,200133142,Spring 2021 New Breathable Mesh Running Shoes Soft Soled Lightweight Sports Shoes Women's Casual Flat Bottom Travel Shoes,1005001860737289,https://ae01.alicdn.com/kf/H16a2d0ee31bd497e90af88ab20188029c/Spring-2021-New-Breathable-Mesh-Running-Shoes-Soft-Soled-Lightweight-Sports-Shoes-Women-s-Casual-Flat.jpg_220x220.jpg,"https://ae04.alicdn.com/kf/H16a2d0ee31bd497e90af88ab20188029c.jpg,https://ae04.alicdn.com/kf/Hf47ed580e88247ed98ac441de8ac9b6aD.jpg,https://ae04.alicdn.com/kf/H4ce7ae871ded47b897dc0ded5dcdcbf46.jpg,https://ae04.alicdn.com/kf/Hce89a2d292ef49098946f297016b2a84k.jpg,https://ae04.alicdn.com/kf/Hc993e52d905446a08af380f5340d0644F.jpg,",https://www.aliexpress.com/item/1005001860737289.html,49.20,25.09,8.00%,2098-12-31,49%,https://s.click.aliexpress.com/e/_AUQBzo
Women's Shoes,200133142,Novelty Summer Mens Sandals Beach Shoes Casual Fashion Water Shoes Anti Slippery Sandal Women Sandals Light Trendy Summer Shoes,1005001974241116,https://ae01.alicdn.com/kf/Hf305fbc0bd8c4314a4455f76a24d303fQ/Novelty-Summer-Mens-Sandals-Beach-Shoes-Casual-Fashion-Water-Shoes-Anti-Slippery-Sandal-Women-Sandals-Light.jpg_220x220.jpg,"https://ae04.alicdn.com/kf/Hf305fbc0bd8c4314a4455f76a24d303fQ.jpg,https://ae04.alicdn.com/kf/H3ac47371e655466c8d4613197c2bcc68U.jpg,https://ae04.alicdn.com/kf/Hadb031edcbc9434db2ce7596d00fec76f.jpg,https://ae04.alicdn.com/kf/H012f10b58a7b42cb885840d6db0c074cG.jpg,https://ae04.alicdn.com/kf/Ha2ea7a7f5d3c4d72baa353f712f345f5q.jpg,",https://www.aliexpress.com/item/1005001974241116.html,33.60,17.14,8.00%,2098-12-31,49%,https://s.click.aliexpress.com/e/_A7dfeE
Women's Shoes,200133142,EN NI KE Women's Chunky Sneakers Thick Bottom Platform Vulcanize Shoes Fashion Breathable Casual Running Shoe for Woman Female,1005001983418356,https://ae01.alicdn.com/kf/H864d36c429ce4f978444d98e49dc6e60j/EN-NI-KE-Women-s-Chunky-Sneakers-Thick-Bottom-Platform-Vulcanize-Shoes-Fashion-Breathable-Casual-Running.jpg_220x220.jpg,"https://ae04.alicdn.com/kf/H864d36c429ce4f978444d98e49dc6e60j.jpg,https://ae04.alicdn.com/kf/H6ec0ec59c13c4574bdbc339d07d33f03Y.jpg,https://ae04.alicdn.com/kf/H6afed0d99e1547d8b44f34421bad4ffdp.jpg,https://ae04.alicdn.com/kf/H3d64654ec6624139adde253234a79f29T.jpg,https://ae04.alicdn.com/kf/Hb00d1bf8307d497c9a5bade53a6b60abk.jpg,",https://www.aliexpress.com/item/1005001983418356.html,37.80,19.28,8.00%,2098-12-31,49%,https://s.click.aliexpress.com/e/_AbEFDC
Women's Shoes,200133142,"Spring and Autumn New Women's Sports and Leisure Mesh Breathable Shoes, Fashion Korean Thick Soled Air Cushion Running Shoes",1005001962185203,https://ae01.alicdn.com/kf/H1a3605f2642e47489050a4c2fe752b46U/Spring-and-Autumn-New-Women-s-Sports-and-Leisure-Mesh-Breathable-Shoes-Fashion-Korean-Thick-Soled.jpg_220x220.jpg,"https://ae04.alicdn.com/kf/H1a3605f2642e47489050a4c2fe752b46U.jpg,https://ae04.alicdn.com/kf/H625d9180a2334f13ada6883aa7c48e01x.jpg,https://ae04.alicdn.com/kf/H2272f0231d3c4d73a61691076c39a735g.jpg,https://ae04.alicdn.com/kf/H69d30683f5c94dab8ddb7e38a7dd8c624.jpg,https://ae04.alicdn.com/kf/Hb7ff02e220ea4d86aa7dc2a4029a4c4cg.jpg,",https://www.aliexpress.com/item/1005001962185203.html,35.20,17.95,8.00%,2098-12-31,49%,https://s.click.aliexpress.com/e/_ArMwGi
Women's Shoes,200133142,Spring and Autumn 2021 Women's Low Top Canvas Sports Shoes Korean Printed Casual Skateboard Shoes Classic Black Women's Shoes,1005001996151146,https://ae01.alicdn.com/kf/H333df5c24f79477c951cf3484a8bc712Z/Spring-and-Autumn-2021-Women-s-Low-Top-Canvas-Sports-Shoes-Korean-Printed-Casual-Skateboard-Shoes.jpg_220x220.jpg,"https://ae04.alicdn.com/kf/H333df5c24f79477c951cf3484a8bc712Z.jpg,https://ae04.alicdn.com/kf/Hca8b009237a54a02b9e2c2f7e1a5aa00w.jpg,https://ae04.alicdn.com/kf/H81cab24e37c8443ca60a9c20438f860fc.jpg,https://ae04.alicdn.com/kf/Hdcd7acef96db489b830e5ce010653c04W.jpg,https://ae04.alicdn.com/kf/H72205b77d0064ea8be4556e9623014dbL.jpg,",https://www.aliexpress.com/item/1005001996151146.html,29.60,15.10,8.00%,2098-12-31,49%,https://s.click.aliexpress.com/e/_AMIWPs
Women's Shoes,200133142,"Elastic Cloth Coconut Women's Luminous Shoes, 2021 New Breathable Spring Autumn Korean Sports Shoes, Flying Woven Running Shoes",1005001921701702,https://ae01.alicdn.com/kf/Hb66728efe4a84f70a6a6d064ba12be90O/Elastic-Cloth-Coconut-Women-s-Luminous-Shoes-2021-New-Breathable-Spring-Autumn-Korean-Sports-Shoes-Flying.jpg_220x220.jpg,"https://ae04.alicdn.com/kf/Hb66728efe4a84f70a6a6d064ba12be90O.jpg,https://ae04.alicdn.com/kf/H0cbe7d9abb1245abaefdd4b7b6e7f19fX.jpg,https://ae04.alicdn.com/kf/H27e2df9677774a94baa72c7c5e56cd019.jpg,https://ae04.alicdn.com/kf/Hdc6ff0da9e984755bbc80e208fd93680H.png,https://ae04.alicdn.com/kf/H0e2acf5a77a340c2ba915dfed28f699em.jpg,",https://www.aliexpress.com/item/1005001921701702.html,26.38,13.45,9.00%,2098-12-31,49%,https://s.click.aliexpress.com/e/_9v8XBU
Women's Shoes,200133142,"2021 Spring and Autumn Thick Soled Women's Sports Shoes, Breathable Leisure Fitness Running Shoes, Increased Shoes Size 35-42",1005001895341191,https://ae01.alicdn.com/kf/H2daa68c9ef17453490c064b9d36c35c6z/2021-Spring-and-Autumn-Thick-Soled-Women-s-Sports-Shoes-Breathable-Leisure-Fitness-Running-Shoes-Increased.jpg_220x220.jpg,"https://ae04.alicdn.com/kf/H2daa68c9ef17453490c064b9d36c35c6z.jpg,https://ae04.alicdn.com/kf/H603baf2f40c543b8993242afaeb3f811T.jpg,https://ae04.alicdn.com/kf/Hbcb296cbe2b149799538380d427372adM.jpg,https://ae04.alicdn.com/kf/H24a77b5540d44d74bf4736f2c0b667622.jpg,https://ae04.alicdn.com/kf/Hfe392e46f0404603b4ff9063d334162cN.jpg,",https://www.aliexpress.com/item/1005001895341191.html,36.96,18.85,8.00%,2098-12-31,49%,https://s.click.aliexpress.com/e/_AqgzsO
Women's Shoes,200133142,"Women's Shoes, Cloth Shoes, Wear-resistant Padded Sole Shoes, Ladies Lace-up Canvas Shoes, Lightweight Sports Shoes, Women",1005001912094096,https://ae01.alicdn.com/kf/Hd32cc593defd4cde91686c45f3640dd9S/Women-s-Shoes-Cloth-Shoes-Wear-resistant-Padded-Sole-Shoes-Ladies-Lace-up-Canvas-Shoes-Lightweight.jpg_220x220.jpg,"https://ae04.alicdn.com/kf/Hd32cc593defd4cde91686c45f3640dd9S.jpg,https://ae04.alicdn.com/kf/Hcb2d2b41a2274336bfd6d4584af4dc5cX.jpg,https://ae04.alicdn.com/kf/H36225ec44cab4251aae1e54e6f4718daK.jpg,https://ae04.alicdn.com/kf/H131c93706bda4d1cbc26f70b779ba17dM.jpg,https://ae04.alicdn.com/kf/He664ae4a8c9045f89cb18ba93daec272Z.jpg,",https://www.aliexpress.com/item/1005001912094096.html,15.52,7.92,8.00%,2098-12-31,49%,https://s.click.aliexpress.com/e/_A6thXG
Women's Shoes,200133142,Sexy Pointed Toe Zebra Pattern Transparent Women's Pump New Female Sandals Super High Heels Color Matching Striped Ladies Shoes,33002214925,https://ae01.alicdn.com/kf/HTB1yITQQPDpK1RjSZFrq6y78VXaG/Sexy-Pointed-Toe-Zebra-Pattern-Transparent-Women-s-Pump-New-Female-Sandals-Super-High-Heels-Color.jpg_220x220.jpg,"https://ae04.alicdn.com/kf/HTB1yITQQPDpK1RjSZFrq6y78VXaG.jpg,https://ae04.alicdn.com/kf/HTB1__v1QMHqK1RjSZFPq6AwapXaN.jpg,https://ae04.alicdn.com/kf/HTB1dvHZQNTpK1RjSZFMq6zG_VXaT.jpg,https://ae04.alicdn.com/kf/HTB1Vtz3QMHqK1RjSZFEq6AGMXXau.jpg,https://ae04.alicdn.com/kf/HTB1bVf3QIbpK1RjSZFyq6x_qFXam.jpg,",https://www.aliexpress.com/item/33002214925.html,36.46,22.61,9.00%,2098-12-31,38%,https://s.click.aliexpress.com/e/_AaOl6i
Women's Shoes,200133142,Women Shoes Size 42 Breathable Mesh Platform Sneakers Women Slip on Soft Ladies Casual Running Shoes Woman Knit Sock Shoes Flats,1005001958805848,https://ae01.alicdn.com/kf/H536152be7b3b4b5d8531c28122fec349X/Women-Shoes-Size-42-Breathable-Mesh-Platform-Sneakers-Women-Slip-on-Soft-Ladies-Casual-Running-Shoes.jpg_220x220.jpg,"https://ae04.alicdn.com/kf/H536152be7b3b4b5d8531c28122fec349X.jpg,https://ae04.alicdn.com/kf/H76ce7ed2a6b144ad860c4dce4c83af8dc.jpg,https://ae04.alicdn.com/kf/Haf974bea21684ca985996988bc3cee44C.jpg,https://ae04.alicdn.com/kf/H47966735191b45b58e527fc4464582d5P.jpg,https://ae04.alicdn.com/kf/Hbb75799d5dc046dd99454a59ada9b1d6I.jpg,",https://www.aliexpress.com/item/1005001958805848.html,16.82,8.58,8.00%,2098-12-31,49%,https://s.click.aliexpress.com/e/_ANSTx8
Women's Shoes,200133142,Summer New Tennis Shoes Women's Cloth Shoes Flat Bottom Breathable Mesh Sports Casual Shoes Fashion Non Slip Mother Shoes,1005001973290760,https://ae01.alicdn.com/kf/Hfabf5334d48b4eb1a26ccdcae4189ebcC/Summer-New-Tennis-Shoes-Women-s-Cloth-Shoes-Flat-Bottom-Breathable-Mesh-Sports-Casual-Shoes-Fashion.jpg_220x220.jpg,"https://ae04.alicdn.com/kf/Hfabf5334d48b4eb1a26ccdcae4189ebcC.jpg,https://ae04.alicdn.com/kf/Hc70b8fc052804ff7a21ced6427857afbS.jpg,https://ae04.alicdn.com/kf/H9d508a4f38e34943bd93be708bef8a02l.jpg,https://ae04.alicdn.com/kf/H3deb8c258ffe43c781ce5aaf48d5c35aa.jpg,https://ae04.alicdn.com/kf/H1a80da6d844c496795fcbf6d01a25d03e.jpg,",https://www.aliexpress.com/item/1005001973290760.html,15.60,7.96,8.00%,2098-12-31,49%,https://s.click.aliexpress.com/e/_9jWzQ6
Women's Shoes,200133142,Fashion Rivet Rhinestones Women's Sandals Five-pointed Star Stiletto Fine Belt High Heels Suede Sexy Temperament Ladies Shoes,33001595890,https://ae01.alicdn.com/kf/HTB1zEKeQhjaK1RjSZKzq6xVwXXaL/Fashion-Rivet-Rhinestones-Women-s-Sandals-Five-pointed-Star-Stiletto-Fine-Belt-High-Heels-Suede-Sexy.jpg_220x220.jpg,"https://ae04.alicdn.com/kf/HTB1zEKeQhjaK1RjSZKzq6xVwXXaL.jpg,https://ae04.alicdn.com/kf/HTB1OE0UQXzqK1RjSZFCq6zbxVXa0.jpg,https://ae04.alicdn.com/kf/HTB1GoROQbvpK1RjSZPiq6zmwXXaO.jpg,https://ae04.alicdn.com/kf/HTB1kVCfQhjaK1RjSZKzq6xVwXXaC.jpg,https://ae04.alicdn.com/kf/HTB1QdpTQjTpK1RjSZKPq6y3UpXaw.jpg,",https://www.aliexpress.com/item/33001595890.html,35.68,22.12,9.00%,2098-12-31,38%,https://s.click.aliexpress.com/e/_Ao7qpU
Women's Shoes,200133142,"In The Summer of 2021,Bathroom Slippers,Antiskid Bath Massage,Leaky Thick Soled Men's and Women's Plastic Fashion Couple Sandals",1005002077884209,https://ae01.alicdn.com/kf/H863e88b225b44018865fe78a4e5474d2a/In-The-Summer-of-2021-Bathroom-Slippers-Antiskid-Bath-Massage-Leaky-Thick-Soled-Men-s-and.jpg_220x220.jpg,"https://ae04.alicdn.com/kf/H863e88b225b44018865fe78a4e5474d2a.jpg,https://ae04.alicdn.com/kf/Hf6c9146baa314c709fc26c415bae24fcn.jpg,https://ae04.alicdn.com/kf/H1e46cc92c44941acb9641a4288dc38786.jpg,https://ae04.alicdn.com/kf/Hd4856a00860b4464980ccbbcfc97658ep.jpg,https://ae04.alicdn.com/kf/H7831d69eb2064ff7a45645e409ae837fQ.jpg,",https://www.aliexpress.com/item/1005002077884209.html,15.80,8.06,8.00%,2098-12-31,49%,https://s.click.aliexpress.com/e/_A7f8SO
Women's Shoes,200133142,Pointed Toe Sexy Leopard High Heels Women's 2020 Sandals Summer New Arrival Ladies Foot Ring Winding Banquet Casual Shoes,33001669222,https://ae01.alicdn.com/kf/HTB183KdRxjaK1RjSZKzq6xVwXXaB/Pointed-Toe-Sexy-Leopard-High-Heels-Women-s-2020-Sandals-Summer-New-Arrival-Ladies-Foot-Ring.jpg_220x220.jpg,"https://ae04.alicdn.com/kf/HTB183KdRxjaK1RjSZKzq6xVwXXaB.jpg,https://ae04.alicdn.com/kf/HTB1_80SRq6qK1RjSZFmq6x0PFXae.jpg,https://ae04.alicdn.com/kf/HTB1RJ1XRyLaK1RjSZFxq6ymPFXat.jpg,https://ae04.alicdn.com/kf/HTB1KeFFRCrqK1RjSZK9q6xyypXaC.jpg,https://ae04.alicdn.com/kf/HTB1KQtORwHqK1RjSZFgq6y7JXXa0.jpg,",https://www.aliexpress.com/item/33001669222.html,36.46,22.61,9.00%,2098-12-31,38%,https://s.click.aliexpress.com/e/_AbGCVM
Women's Shoes,200133142,2020 Spring Winter New Women's Casual Flat Leather Retro Boots Side Zipper Round Toe Shoes Boots Comfortable Shoes Women,1005001308577824,https://ae01.alicdn.com/kf/Hc58ccec63e204f05b9fc5d473b8ed522M/2020-Spring-Winter-New-Women-s-Casual-Flat-Leather-Retro-Boots-Side-Zipper-Round-Toe-Shoes.jpg_220x220.jpg,"https://ae04.alicdn.com/kf/Hc58ccec63e204f05b9fc5d473b8ed522M.jpg,https://ae04.alicdn.com/kf/H30b0f0421792423e960ab01b5f628ea9p.jpg,https://ae04.alicdn.com/kf/Ha28c5ce20a334507bc9d06e23934bb0f2.jpg,https://ae04.alicdn.com/kf/He9411228faab482f8ede79d5f5a7963ak.jpg,https://ae04.alicdn.com/kf/Hdee8f6c19f3647a58814f52306b4a7faa.jpg,",https://www.aliexpress.com/item/1005001308577824.html,27.45,14.82,8.00%,2098-12-31,46%,https://s.click.aliexpress.com/e/_9Gppts
Women's Shoes,200133142,JESSIC  Summer Wedge Sandals Flower Vintage Closed Toe Adjustable Hook Loop Wedges Women Lazy Hole Shoes Platform Sandal,4000475115256,https://ae01.alicdn.com/kf/H602c06ac73114256a6f97e79ab4a50a3v/JESSIC-Summer-Wedge-Sandals-Flower-Vintage-Closed-Toe-Adjustable-Hook-Loop-Wedges-Women-Lazy-Hole-Shoes.jpg_220x220.jpg,"https://ae04.alicdn.com/kf/H602c06ac73114256a6f97e79ab4a50a3v.jpg,https://ae04.alicdn.com/kf/H236c9425314442cca7f03035f425a846e.jpg,https://ae04.alicdn.com/kf/H4cc8b06851f24585981acfc02e7d595bo.jpg,https://ae04.alicdn.com/kf/H398a25b99cd242dbaf067dc4414a1f37e.jpg,https://ae04.alicdn.com/kf/H4b19c609f96a47c89225a433a4766f8aG.jpg,",https://www.aliexpress.com/item/4000475115256.html,7.93,6.34,8.00%,2098-12-31,20%,https://s.click.aliexpress.com/e/_Ap5X62
Women's Shoes,200133142,JESSIC Women Vintage Pearl Boho Sandals Summer Shoes Flat Pearl Sandals Comfortable String Bead Slippers Casual Sandals Size,4000636399321,https://ae01.alicdn.com/kf/H28c2c8813b674aa48094ff49ea9e01c9q/JESSIC-Women-Vintage-Pearl-Boho-Sandals-Summer-Shoes-Flat-Pearl-Sandals-Comfortable-String-Bead-Slippers-Casual.jpg_220x220.jpg,"https://ae04.alicdn.com/kf/H28c2c8813b674aa48094ff49ea9e01c9q.jpg,https://ae04.alicdn.com/kf/H273169d9d163419aa4aa5249b9122f7f2.jpg,https://ae04.alicdn.com/kf/H38b32415446348dab83e06ca268ca8d3n.jpg,https://ae04.alicdn.com/kf/Hdfcae798e5a44af39e85468ed6aaff84K.jpg,https://ae04.alicdn.com/kf/H27f7dfeb79dd45a39174bec6f1c57a74U.jpg,",https://www.aliexpress.com/item/4000636399321.html,8.40,6.72,8.00%,2098-12-31,20%,https://s.click.aliexpress.com/e/_AOkHqK
Women's Shoes,200133142,Hollow Mesh Crystal Women's Slippers 2020 Summer Square Thick High Heels Waterproof Platform Sandals Color Matching Ladies Shoes,32999949268,https://ae01.alicdn.com/kf/HTB1OOPYQMTqK1RjSZPhq6xfOFXaV/Hollow-Mesh-Crystal-Women-s-Slippers-2020-Summer-Square-Thick-High-Heels-Waterproof-Platform-Sandals-Color.jpg_220x220.jpg,"https://ae04.alicdn.com/kf/HTB1OOPYQMTqK1RjSZPhq6xfOFXaV.jpg,https://ae04.alicdn.com/kf/HTB1uRshQNYaK1RjSZFnq6y80pXa9.jpg,https://ae04.alicdn.com/kf/HTB1G.T3QNTpK1RjSZR0q6zEwXXa4.jpg,https://ae04.alicdn.com/kf/HTB1hUT9QPTpK1RjSZKPq6y3UpXaI.jpg,https://ae04.alicdn.com/kf/HTB101wtQNnaK1RjSZFBq6AW7VXaO.jpg,",https://www.aliexpress.com/item/32999949268.html,37.75,23.41,9.00%,2098-12-31,38%,https://s.click.aliexpress.com/e/_99P6GE
Women's Shoes,200133142,Plus Size Ladies Open Toe Boots Spring And Autumn Ankle Boots PVC Transparent Heel Women Square High Heel Boots Mujer Rain Boots,32999634550,https://ae01.alicdn.com/kf/H6aaa27d58a4241cb9c28f59cc443075ef/Plus-Size-Ladies-Open-Toe-Boots-Spring-And-Autumn-Ankle-Boots-PVC-Transparent-Heel-Women-Square.jpg_220x220.jpg,"https://ae04.alicdn.com/kf/H6aaa27d58a4241cb9c28f59cc443075ef.jpg,https://ae04.alicdn.com/kf/HTB12LcfiDZmx1VjSZFGq6yx2XXah.jpg,https://ae04.alicdn.com/kf/HTB1rtcEPHPpK1RjSZFFq6y5PpXa0.jpg,https://ae04.alicdn.com/kf/HTB1u7IJPQzoK1RjSZFlq6yi4VXaS.jpg,https://ae04.alicdn.com/kf/HTB1.J0Gc13tHKVjSZSgq6x4QFXac.jpg,",https://www.aliexpress.com/item/32999634550.html,44.83,31.83,9.00%,2098-12-31,29%,https://s.click.aliexpress.com/e/_98Dfv0
Women's Shoes,200133142,Indoor Slippers Women Concise Non-Slip Bath Slides Couple Men Summer Home Slippers Solid Color Casual Shoes Woman,1005001890798977,https://ae01.alicdn.com/kf/H20d97ab4313345d6b740097e346ce477F/Indoor-Slippers-Women-Concise-Non-Slip-Bath-Slides-Couple-Men-Summer-Home-Slippers-Solid-Color-Casual.jpg_220x220.jpg,"https://ae04.alicdn.com/kf/H20d97ab4313345d6b740097e346ce477F.jpg,https://ae04.alicdn.com/kf/Hedf83135ccc449489d75148646d3db58U.jpg,https://ae04.alicdn.com/kf/Hf76676579fbc46e088ca37833af8264bE.jpg,https://ae04.alicdn.com/kf/H98ff3c1f5974422b9a913a3fb486f36fL.jpg,https://ae04.alicdn.com/kf/Haf1f10b5b2f94b3481157f005b94a8f4I.jpg,",https://www.aliexpress.com/item/1005001890798977.html,9.30,4.65,8.00%,2098-12-31,50%,https://s.click.aliexpress.com/e/_ADmCkK
Women's Shoes,200133142,Women's Summer Slippers Unisex EVA Non-slip Bathroom Indoor Slippers Solid Color Flat Floor Slippers Soft Couples Home Shoes,1005001890198086,https://ae01.alicdn.com/kf/Hb6d9809cb2d44f64a0a7b2c8da6b68f46/Women-s-Summer-Slippers-Unisex-EVA-Non-slip-Bathroom-Indoor-Slippers-Solid-Color-Flat-Floor-Slippers.jpg_220x220.jpg,"https://ae04.alicdn.com/kf/Hb6d9809cb2d44f64a0a7b2c8da6b68f46.jpg,https://ae04.alicdn.com/kf/H71766df79d944b8a9de29b51072d483e4.jpg,https://ae04.alicdn.com/kf/H3264e780c3624c4ebf1efd321efa941d1.jpg,https://ae04.alicdn.com/kf/H4e94049441664ef18352cebf308e6d96e.jpg,https://ae04.alicdn.com/kf/Hbe707dcbac634a2ab73b9a2d782b2ab2O.jpg,",https://www.aliexpress.com/item/1005001890198086.html,9.30,4.65,8.00%,2098-12-31,50%,https://s.click.aliexpress.com/e/_A7cdaS
Women's Shoes,200133142,New Sexy Women's Sandals Women Summer Shoe Beach Med Heel Flip Flop Buckle Strap PU Leather Female Sandalias Ladies Casual Shoes,1005002116176357,https://ae01.alicdn.com/kf/H1222a6c0308644e5aaf68cf901f6e9beG/New-Sexy-Women-s-Sandals-Women-Summer-Shoe-Beach-Med-Heel-Flip-Flop-Buckle-Strap-PU.jpg_220x220.jpg,"https://ae04.alicdn.com/kf/H1222a6c0308644e5aaf68cf901f6e9beG.jpg,https://ae04.alicdn.com/kf/H1253479c938543eabfec2b7c5d7f1a66c.jpg,https://ae04.alicdn.com/kf/Hb8748ffa915c4dc5a56517b1c6b81d99w.jpg,https://ae04.alicdn.com/kf/H8c50c1b64fc745f385f669bfeb2644a7v.jpg,https://ae04.alicdn.com/kf/H5d0b3f9dcbc644c9832dd8633401a6f4h.jpg,",https://www.aliexpress.com/item/1005002116176357.html,36.99,19.97,8.00%,2098-12-31,46%,https://s.click.aliexpress.com/e/_9wqu02
Women's Shoes,200133142,Summer new heightening women's slippers home flat shoes non-slip wear-resistant outdoor slippers casual thick-soled women shoes,1005002112586000,https://ae01.alicdn.com/kf/Hade50c9b52d44170ac1114c40fc8af7da/Summer-new-heightening-women-s-slippers-home-flat-shoes-non-slip-wear-resistant-outdoor-slippers-casual.jpg_220x220.jpg,"https://ae04.alicdn.com/kf/Hade50c9b52d44170ac1114c40fc8af7da.jpg,https://ae04.alicdn.com/kf/Hd0633778efdc42028b8440356b87b0ddB.jpg,https://ae04.alicdn.com/kf/Hacc8749bb58c456ba23a6c5629b9cdc0L.jpg,https://ae04.alicdn.com/kf/H59391800b1d04eff8d47bdd3bbb00978g.jpg,https://ae04.alicdn.com/kf/He7acda32224e43aeb640731a9ee0d5c5w.jpg,",https://www.aliexpress.com/item/1005002112586000.html,28.61,16.31,8.00%,2098-12-31,43%,https://s.click.aliexpress.com/e/_AoZ6ly
Women's Shoes,200133142,Fashion PVC Transparent Pointed Toe Women‘s Slippers Hollow Sandals High Heels Stiletto Wear NIUFUNI 2020 Casual Ladies Shoes,32997989443,https://ae01.alicdn.com/kf/HTB1aBN1QbrpK1RjSZTEq6AWAVXab/Fashion-PVC-Transparent-Pointed-Toe-Women-s-Slippers-Hollow-Sandals-High-Heels-Stiletto-Wear-NIUFUNI-2020.jpg_220x220.jpg,"https://ae04.alicdn.com/kf/HTB1aBN1QbrpK1RjSZTEq6AWAVXab.jpg,https://ae04.alicdn.com/kf/HTB17yRZQXzqK1RjSZFoq6zfcXXau.jpg,https://ae04.alicdn.com/kf/HTB1FDpUQb2pK1RjSZFsq6yNlXXaT.jpg,https://ae04.alicdn.com/kf/HTB1yBqlQhjaK1RjSZKzq6xVwXXau.jpg,https://ae04.alicdn.com/kf/HTB1ukdWQhTpK1RjSZFKq6y2wXXaQ.jpg,",https://www.aliexpress.com/item/32997989443.html,34.71,21.52,9.00%,2098-12-31,38%,https://s.click.aliexpress.com/e/_AN0Jue
Women's Shoes,200133142,Fashion Transparent crystal Hollow Mesh Women's Slippers 2020 Thick Heel Summer New High Heels Casual Solid Color Ladies Shoes,33001433819,https://ae01.alicdn.com/kf/HTB1xOtxRAvoK1RjSZFwq6AiCFXa7/Fashion-Transparent-crystal-Hollow-Mesh-Women-s-Slippers-2020-Thick-Heel-Summer-New-High-Heels-Casual.jpg_220x220.jpg,"https://ae04.alicdn.com/kf/HTB1xOtxRAvoK1RjSZFwq6AiCFXa7.jpg,https://ae04.alicdn.com/kf/HTB1DVlRRxnaK1RjSZFtq6zC2VXaG.jpg,https://ae04.alicdn.com/kf/HTB1I9xtRAPoK1RjSZKbq6x1IXXai.jpg,https://ae04.alicdn.com/kf/HTB1uIZZj_Zmx1VjSZFGq6yx2XXad.jpg,https://ae04.alicdn.com/kf/HTB1XjtoRrvpK1RjSZFqq6AXUVXao.jpg,",https://www.aliexpress.com/item/33001433819.html,33.75,20.93,9.00%,2098-12-31,38%,https://s.click.aliexpress.com/e/_AbCPd0
Women's Shoes,200133142,Women's High Top Canvas Shoes Women's Fall 2020 New Casual Shoes Breathable Classic Black Sports Shoes Fashion Cloth Shoes 34-40,1005002066642603,https://ae01.alicdn.com/kf/H55a97763c16045a2b3b9394d852ba382G/Women-s-High-Top-Canvas-Shoes-Women-s-Fall-2020-New-Casual-Shoes-Breathable-Classic-Black.jpg_220x220.jpg,"https://ae04.alicdn.com/kf/H55a97763c16045a2b3b9394d852ba382G.jpg,https://ae04.alicdn.com/kf/Haad68c8893cb4a00aa2b4b9fc26f8581V.jpg,https://ae04.alicdn.com/kf/H22c61f7af6304a118eff444c03e7179dl.jpg,https://ae04.alicdn.com/kf/H452c1e0ad834403ba7ceea7a232386adq.jpg,https://ae04.alicdn.com/kf/H47099e18b264427cba3861cce9ad0b1dG.jpg,",https://www.aliexpress.com/item/1005002066642603.html,37.80,19.28,8.00%,2098-12-31,49%,https://s.click.aliexpress.com/e/_ATW0QQ
Women's Shoes,200133142,Women's High Top Shoes 2021 Popular Korean New Spring and Autumn Leather Flat Bottom Lace Up Waterproof Platform Casual Shoes,1005002071702666,https://ae01.alicdn.com/kf/H57ee07b897614da4b3a49e02a9d1dfa95/Women-s-High-Top-Shoes-2021-Popular-Korean-New-Spring-and-Autumn-Leather-Flat-Bottom-Lace.jpg_220x220.jpg,"https://ae04.alicdn.com/kf/H57ee07b897614da4b3a49e02a9d1dfa95.jpg,https://ae04.alicdn.com/kf/Ha93061e234694de29324c8638fcb817e5.jpg,https://ae04.alicdn.com/kf/H6912fa7f590e4acdb100da9ca696099aR.jpg,https://ae04.alicdn.com/kf/H16ebf31fe45b4e508f6891897a995023i.jpg,https://ae04.alicdn.com/kf/H5535251f6f6b4f4b994ecfcdf236a1cf1.jpg,",https://www.aliexpress.com/item/1005002071702666.html,55.40,28.25,8.00%,2098-12-31,49%,https://s.click.aliexpress.com/e/_AaM1Xk
Women's Shoes,200133142,"Women's High Top Canvas Shoes 2021 Spring and Autumn New Korean Leisure Sports Shoes,Classic Fashion Breathable Board Shoes34-40",1005002066636109,https://ae01.alicdn.com/kf/Heccf287b0e5b4e509591b5e9851c19b1b/Women-s-High-Top-Canvas-Shoes-2021-Spring-and-Autumn-New-Korean-Leisure-Sports-Shoes-Classic.jpg_220x220.jpg,"https://ae04.alicdn.com/kf/Heccf287b0e5b4e509591b5e9851c19b1b.jpg,https://ae04.alicdn.com/kf/H4191d2391e204ecba16b6ba3764a1011G.jpg,https://ae04.alicdn.com/kf/H529f193f3b0144e3b3f75a844ec71e03p.jpg,https://ae04.alicdn.com/kf/Hf855c7445e8b40fcb5ff71aa092e0f42T.jpg,https://ae04.alicdn.com/kf/Hb12fa25d8c924dbf92499de03beef64eB.jpg,",https://www.aliexpress.com/item/1005002066636109.html,37.80,19.28,8.00%,2098-12-31,49%,https://s.click.aliexpress.com/e/_9jV3xc
Women's Shoes,200133142,JESSIC Soft Sole Ankle Strap Beach Vintage PU Leather Closed Toe Shoes Women Sandals Round Toe Cap Street  Summer Casual,4000935782958,https://ae01.alicdn.com/kf/H865073a5194d4714b2dcc4ef3d97cc48n/JESSIC-Soft-Sole-Ankle-Strap-Beach-Vintage-PU-Leather-Closed-Toe-Shoes-Women-Sandals-Round-Toe.jpg_220x220.jpg,"https://ae04.alicdn.com/kf/H865073a5194d4714b2dcc4ef3d97cc48n.jpg,https://ae04.alicdn.com/kf/Ha5c2d2d711414f249fb10525abb1020fZ.jpg,https://ae04.alicdn.com/kf/H6257dd33512f422f9f9212eda2fe9704W.jpg,https://ae04.alicdn.com/kf/H74eb1409bed844db8a184916cb670c6ai.jpg,https://ae04.alicdn.com/kf/H9745cb871e504534961dd34b8be19bcaA.jpg,",https://www.aliexpress.com/item/4000935782958.html,8.04,6.43,8.00%,2098-12-31,20%,https://s.click.aliexpress.com/e/_ArLohk
Women's Shoes,200133142,Sexy Transparent Rivet Stiletto Women's Sandals 2020 NIUFUNI Summer Female High Heels Hollow Banquet Casual Snake Ladies Shoes,32999937550,https://ae01.alicdn.com/kf/HTB1to7iQQzoK1RjSZFlq6yi4VXaE/Sexy-Transparent-Rivet-Stiletto-Women-s-Sandals-2020-NIUFUNI-Summer-Female-High-Heels-Hollow-Banquet-Casual.jpg_220x220.jpg,"https://ae04.alicdn.com/kf/HTB1to7iQQzoK1RjSZFlq6yi4VXaE.jpg,https://ae04.alicdn.com/kf/HTB1cHEhQQvoK1RjSZPfq6xPKFXaE.jpg,https://ae04.alicdn.com/kf/HTB1OyUkQHrpK1RjSZTEq6AWAVXaX.jpg,https://ae04.alicdn.com/kf/HTB1AIwjQMHqK1RjSZFPq6AwapXa1.jpg,https://ae04.alicdn.com/kf/HTB1eygkQMHqK1RjSZFEq6AGMXXad.jpg,",https://www.aliexpress.com/item/32999937550.html,35.68,22.12,9.00%,2098-12-31,38%,https://s.click.aliexpress.com/e/_9ivqOA
Women's Shoes,200133142,Sexy Leopard Thick High Heels Women's Sandals New Arrival Summer Horse Hair Color Matching Buckle Casual NIUFUNI Ladies Shoes,33000736969,https://ae01.alicdn.com/kf/HTB1Rd.JQNnaK1RjSZFBq6AW7VXav/Sexy-Leopard-Thick-High-Heels-Women-s-Sandals-New-Arrival-Summer-Horse-Hair-Color-Matching-Buckle.jpg_220x220.jpg,"https://ae04.alicdn.com/kf/HTB1Rd.JQNnaK1RjSZFBq6AW7VXav.jpg,https://ae04.alicdn.com/kf/HTB1p_cjQNTpK1RjSZFMq6zG_VXaA.jpg,https://ae04.alicdn.com/kf/HTB1kSkiQSzqK1RjSZFjq6zlCFXau.jpg,https://ae04.alicdn.com/kf/HTB1biouQNjaK1RjSZFAq6zdLFXas.jpg,https://ae04.alicdn.com/kf/HTB17kEaQSrqK1RjSZK9q6xyypXaF.jpg,",https://www.aliexpress.com/item/33000736969.html,35.04,21.72,9.00%,2098-12-31,38%,https://s.click.aliexpress.com/e/_Anz8fY
Women's Shoes,200133142,Women's Slippers Handmade Wrinkle Solid Color High Heels NIUFUNI 2020 Summer Super Breathable Sandals Stiletto Ladies Shoes,32999962051,https://ae01.alicdn.com/kf/HTB1roK7P3DqK1RjSZSyq6yxEVXag/Women-s-Slippers-Handmade-Wrinkle-Solid-Color-High-Heels-NIUFUNI-2020-Summer-Super-Breathable-Sandals-Stiletto.jpg_220x220.jpg,"https://ae04.alicdn.com/kf/HTB1roK7P3DqK1RjSZSyq6yxEVXag.jpg,https://ae04.alicdn.com/kf/HTB1OG2bP9zqK1RjSZFHq6z3CpXaA.jpg,https://ae04.alicdn.com/kf/HTB1Hge8P9zqK1RjSZPxq6A4tVXax.jpg,https://ae04.alicdn.com/kf/HTB1VtDbPYvpK1RjSZFqq6AXUVXaJ.jpg,https://ae04.alicdn.com/kf/HTB1BoC8P9zqK1RjSZFLq6An2XXaS.jpg,",https://www.aliexpress.com/item/32999962051.html,37.61,23.32,9.00%,2098-12-31,38%,https://s.click.aliexpress.com/e/_AU2ON4
Women's Shoes,200133142,Sexy Leopard High Heels Women's Sandals Fine Rivet stiletto Round Head Buckle NIUFUNI Summer Fashion Hollow Party Wedding Shoes,32997929182,https://ae01.alicdn.com/kf/HTB18ipjQirpK1RjSZFhq6xSdXXaq/Sexy-Leopard-High-Heels-Women-s-Sandals-Fine-Rivet-stiletto-Round-Head-Buckle-NIUFUNI-Summer-Fashion.jpg_220x220.jpg,"https://ae04.alicdn.com/kf/HTB18ipjQirpK1RjSZFhq6xSdXXaq.jpg,https://ae04.alicdn.com/kf/HTB1qFtoQgHqK1RjSZFEq6AGMXXaa.jpg,https://ae04.alicdn.com/kf/HTB1wR4uQhjaK1RjSZFAq6zdLFXaD.jpg,https://ae04.alicdn.com/kf/HTB1qU8xQhYaK1RjSZFnq6y80pXaE.jpg,https://ae04.alicdn.com/kf/HTB13dBnQjTpK1RjSZKPq6y3UpXas.jpg,",https://www.aliexpress.com/item/32997929182.html,35.68,22.12,9.00%,2098-12-31,38%,https://s.click.aliexpress.com/e/_AsBmn0
Women's Shoes,200133142,Pointed Toe Transparent Women's Sandals 2020 Summer New Super High Heels Shallow Sexy Stitching Casual Ladies Shoes NIUFUNI,32999593428,https://ae01.alicdn.com/kf/HTB1KXB.QMHqK1RjSZFPq6AwapXax/Pointed-Toe-Transparent-Women-s-Sandals-2020-Summer-New-Super-High-Heels-Shallow-Sexy-Stitching-Casual.jpg_220x220.jpg,"https://ae04.alicdn.com/kf/HTB1KXB.QMHqK1RjSZFPq6AwapXax.jpg,https://ae04.alicdn.com/kf/HTB14YqXQIbpK1RjSZFyq6x_qFXar.jpg,https://ae04.alicdn.com/kf/HTB1MNd6QH2pK1RjSZFsq6yNlXXaf.jpg,https://ae04.alicdn.com/kf/HTB1tH82QMDqK1RjSZSyq6yxEVXar.jpg,https://ae04.alicdn.com/kf/HTB1zD1eQMHqK1RjSZFkq6x.WFXa7.jpg,",https://www.aliexpress.com/item/32999593428.html,35.04,21.72,9.00%,2098-12-31,38%,https://s.click.aliexpress.com/e/_9AFY2O
Women's Shoes,200133142,Fashion Transparent Crystal Hollow Square Head Women's Sandals 2020 Summer New Thick High Heels Casual Solid Color Ladies Shoes,33001433889,https://ae01.alicdn.com/kf/HTB1OydwRq6qK1RjSZFmq6x0PFXal/Fashion-Transparent-Crystal-Hollow-Square-Head-Women-s-Sandals-2020-Summer-New-Thick-High-Heels-Casual.jpg_220x220.jpg,"https://ae04.alicdn.com/kf/HTB1OydwRq6qK1RjSZFmq6x0PFXal.jpg,https://ae04.alicdn.com/kf/HTB17FxoRrPpK1RjSZFFq6y5PpXa2.jpg,https://ae04.alicdn.com/kf/HTB17NhsRwHqK1RjSZFgq6y7JXXa1.jpg,https://ae04.alicdn.com/kf/HTB1jEFuRCzqK1RjSZFpq6ykSXXae.jpg,https://ae04.alicdn.com/kf/HTB1iQhuRwHqK1RjSZFPq6AwapXaJ.jpg,",https://www.aliexpress.com/item/33001433889.html,33.88,21.01,9.00%,2098-12-31,38%,https://s.click.aliexpress.com/e/_AUyLvY
Women's Shoes,200133142,Sexy Roman Shoes Hollow Women's Sandals Sexy High Heels Buckle Solid Color Pointed NIUFUNI Stiletto Wear Casual Ladies Shoes,32998329837,https://ae01.alicdn.com/kf/HTB1y1ZhQgHqK1RjSZJnq6zNLpXaN/Sexy-Roman-Shoes-Hollow-Women-s-Sandals-Sexy-High-Heels-Buckle-Solid-Color-Pointed-NIUFUNI-Stiletto.jpg_220x220.jpg,"https://ae04.alicdn.com/kf/HTB1y1ZhQgHqK1RjSZJnq6zNLpXaN.jpg,https://ae04.alicdn.com/kf/HTB17nZhQXzqK1RjSZFvq6AB7VXax.jpg,https://ae04.alicdn.com/kf/HTB1NqwfQcbpK1RjSZFyq6x_qFXag.jpg,https://ae04.alicdn.com/kf/HTB1Acj6QgTqK1RjSZPhq6xfOFXa5.jpg,https://ae04.alicdn.com/kf/HTB1yo6CQmzqK1RjSZPcq6zTepXaP.jpg,",https://www.aliexpress.com/item/32998329837.html,35.68,22.12,9.00%,2098-12-31,38%,https://s.click.aliexpress.com/e/_9xaHyW
Women's Shoes,200133142,Women Sandals Snake Print Strappy Thin High Heels Sandals Slippers Women Stiletto Flip Flops Square Toe Slides Party Shoes Woman,1005002111703294,https://ae01.alicdn.com/kf/H3504f416ee3c41b49bcdd524970fa2779/Women-Sandals-Snake-Print-Strappy-Thin-High-Heels-Sandals-Slippers-Women-Stiletto-Flip-Flops-Square-Toe.jpg_220x220.jpg,"https://ae04.alicdn.com/kf/H3504f416ee3c41b49bcdd524970fa2779.jpg,https://ae04.alicdn.com/kf/He5f480bd8d0647e8b3039af9b0f31900u.jpg,https://ae04.alicdn.com/kf/H358a34e5f5854fdd9e44ea0d80d30c64J.jpg,https://ae04.alicdn.com/kf/Hcca7529272304c599b74b95c9ff31a0ax.jpg,https://ae04.alicdn.com/kf/Hafc0bdc416f0479bb69315bdf5b9191eW.jpg,",https://www.aliexpress.com/item/1005002111703294.html,35.99,17.64,8.00%,2098-12-31,51%,https://s.click.aliexpress.com/e/_A6sBUm
Women's Shoes,200133142,Torre shoes women's autumn/winter 2020 new joker women's casual fashion sports platform lightweight leather white shoes logo,1005001725986387,https://ae01.alicdn.com/kf/H19c20a0ef4244460afdd98f1887f6abeU/Torre-shoes-women-s-autumn-winter-2020-new-joker-women-s-casual-fashion-sports-platform-lightweight.jpg_220x220.jpg,"https://ae04.alicdn.com/kf/H19c20a0ef4244460afdd98f1887f6abeU.jpg,https://ae04.alicdn.com/kf/Hf21a15f2a31f4705ab674fb1a81aa78br.jpg,https://ae04.alicdn.com/kf/H50f7e8e37b2a4b809c1460d92c9fa435y.jpg,https://ae04.alicdn.com/kf/H740dc93ffa004d4da451c298e08027c1j.jpg,https://ae04.alicdn.com/kf/H6fd88c1681574f689537d727902e0f807.jpg,",https://www.aliexpress.com/item/1005001725986387.html,128.00,64.00,8.00%,2098-12-31,50%,https://s.click.aliexpress.com/e/_9v6xby
Women's Shoes,200133142,Flats Women Colorful Luminous Flash Light Cartoon Print USB Charging Fluorescent Shoes Board Lover LED Light Ghost Dance Shoes,1005002125287862,https://ae01.alicdn.com/kf/H9dd12b98ccd74e358d8106902adb8fcd1/Flats-Women-Colorful-Luminous-Flash-Light-Cartoon-Print-USB-Charging-Fluorescent-Shoes-Board-Lover-LED-Light.jpg_220x220.jpg,"https://ae04.alicdn.com/kf/H9dd12b98ccd74e358d8106902adb8fcd1.jpg,https://ae04.alicdn.com/kf/H8c72b81c2538409ab37278a9e3cee9a5p.jpg,https://ae04.alicdn.com/kf/Hf7bd06f71a64403c846a2be4dcb9bb6b9.jpg,https://ae04.alicdn.com/kf/H4fdce039b1ba4d47baacfc795bd1709a2.jpg,https://ae04.alicdn.com/kf/Hf76365c7608e4915a8f4155f97a348926.jpg,",https://www.aliexpress.com/item/1005002125287862.html,39.99,23.99,8.00%,2098-12-31,40%,https://s.click.aliexpress.com/e/_Aqf34I
Women's Shoes,200133142,Home Thick Platform Slippers Indoor Bathroom Woman Slipper Soft Cozy Eva Anti-Slip Couples Floor Slides Ladies Summer Shoes,1005002124489887,https://ae01.alicdn.com/kf/H97a37251b0dd47f9ba2aa53e64c29666x/Home-Thick-Platform-Slippers-Indoor-Bathroom-Woman-Slipper-Soft-Cozy-Eva-Anti-Slip-Couples-Floor-Slides.jpg_220x220.jpg,"https://ae04.alicdn.com/kf/H97a37251b0dd47f9ba2aa53e64c29666x.jpg,https://ae04.alicdn.com/kf/Hd33e7a6a6a0a48379fb40d1a68293112x.jpg,https://ae04.alicdn.com/kf/H6ec33b9524174e7aa82755272da579e1T.jpg,https://ae04.alicdn.com/kf/Ha4d7454b0eb5438f8b251099e4578d1at.jpg,https://ae04.alicdn.com/kf/H02ad9a7a3bbd4b4e95676374fe8cb7075.jpg,",https://www.aliexpress.com/item/1005002124489887.html,18.87,10.38,10.00%,2098-12-31,45%,https://s.click.aliexpress.com/e/_98j9rG
Women's Shoes,200133142,Fashion Summer Unisex Hole Shoes Slipper Beach Sandals Multicolor Selection Leisure Antiskid Sole Soft Sole Shoes Quick Drying,1005002125130668,https://ae01.alicdn.com/kf/Hcc2f04ba937e4383ba03421185894ee0z/Fashion-Summer-Unisex-Hole-Shoes-Slipper-Beach-Sandals-Multicolor-Selection-Leisure-Antiskid-Sole-Soft-Sole-Shoes.jpg_220x220.jpg,"https://ae04.alicdn.com/kf/Hcc2f04ba937e4383ba03421185894ee0z.jpg,https://ae04.alicdn.com/kf/H8cca4e26b1fd435fbcef2111fda4cca4A.jpg,https://ae04.alicdn.com/kf/H0a255efedb034741afb968e686581830K.jpg,https://ae04.alicdn.com/kf/H780900e6f1314ed6ab3b3d4c570816790.jpg,https://ae04.alicdn.com/kf/H19e0e90757e34a3291892a7faeb8bab2j.jpg,",https://www.aliexpress.com/item/1005002125130668.html,23.07,22.61,8.00%,2098-12-31,2%,https://s.click.aliexpress.com/e/_ADudYA
Women's Shoes,200133142,Fashion Women Slippers Furry Hole Shoes Winter Style Removable Cotton Tow Home Antiskid Wool Sandals Thick Bottom Beach Shoes,1005002125093338,https://ae01.alicdn.com/kf/Hb7d6a0e6eb7b40199622addb565ca24fr/Fashion-Women-Slippers-Furry-Hole-Shoes-Winter-Style-Removable-Cotton-Tow-Home-Antiskid-Wool-Sandals-Thick.jpg_220x220.jpg,"https://ae04.alicdn.com/kf/Hb7d6a0e6eb7b40199622addb565ca24fr.jpg,https://ae04.alicdn.com/kf/H0cf57ba2f30f4db19b8b491b647b1ff4B.jpg,https://ae04.alicdn.com/kf/Hb9f617235fb6421db7794e418624f66fg.jpg,https://ae04.alicdn.com/kf/H7fb360a3718a4d3192b7d8d279abee2cQ.jpg,https://ae04.alicdn.com/kf/Hd493e634d09a4c559db489c8a301316cW.jpg,",https://www.aliexpress.com/item/1005002125093338.html,23.03,22.11,8.00%,2098-12-31,4%,https://s.click.aliexpress.com/e/_AVYtry
Women's Shoes,200133142,Summer Fashion Women's Slippers Hole Shoes Beach Shoes Non-slip Wear-resist Travel Light Leisure Couple Sandals Ventilate Light,1005002124645675,https://ae01.alicdn.com/kf/H6344dffbbb204e28b393dbc8b66ecda3h/Summer-Fashion-Women-s-Slippers-Hole-Shoes-Beach-Shoes-Non-slip-Wear-resist-Travel-Light-Leisure.jpg_220x220.jpg,"https://ae04.alicdn.com/kf/H6344dffbbb204e28b393dbc8b66ecda3h.jpg,https://ae04.alicdn.com/kf/Hc1181c77a6d349e9a6922b0b8418b5420.jpg,https://ae04.alicdn.com/kf/H3a9f429008be41479729b24dab9575acL.jpg,https://ae04.alicdn.com/kf/H5cb41423d42741b19386a142e409fd884.jpg,",https://www.aliexpress.com/item/1005002124645675.html,20.76,20.55,8.00%,2098-12-31,1%,https://s.click.aliexpress.com/e/_9x8jKw
Women's Shoes,200133142,Fashion Women Slippers Hole Shoes Beach Sandals Thick Bottom Increase Wedge Heels Garden Flat Slippers Antiskid Leisure,1005002125219194,https://ae01.alicdn.com/kf/H35ebe3f622964750a5e1d595d5823017g/Fashion-Women-Slippers-Hole-Shoes-Beach-Sandals-Thick-Bottom-Increase-Wedge-Heels-Garden-Flat-Slippers-Antiskid.jpg_220x220.jpg,"https://ae04.alicdn.com/kf/H35ebe3f622964750a5e1d595d5823017g.jpg,https://ae04.alicdn.com/kf/Hea0f95088f53484a918e40b43c9c9ccc9.jpg,https://ae04.alicdn.com/kf/H4b5ca2923ad54ea29cee7db3c054462fp.jpg,https://ae04.alicdn.com/kf/H0b5a5f08fcb44599835e4de96a09eb05l.jpg,https://ae04.alicdn.com/kf/Ha908114d131747e39ae48d5c0b579b3ds.jpg,",https://www.aliexpress.com/item/1005002125219194.html,16.30,15.97,8.00%,2098-12-31,2%,https://s.click.aliexpress.com/e/_AEUbBc
Women's Shoes,200133142,Men Slippers Beach Sandals Hole Shoes Cro Rainbow Garden Shoes Thick Soles Antiskid Massage Breathable Wear Resistant Fashion,1005002124951082,https://ae01.alicdn.com/kf/Hd7c42b6ef6d74137b6286c3023d4e782K/Men-Slippers-Beach-Sandals-Hole-Shoes-Cro-Rainbow-Garden-Shoes-Thick-Soles-Antiskid-Massage-Breathable-Wear.jpg_220x220.jpg,"https://ae04.alicdn.com/kf/Hd7c42b6ef6d74137b6286c3023d4e782K.jpg,https://ae04.alicdn.com/kf/Hcc677bd90a304510bd2c1a0e4de0fa09J.jpg,https://ae04.alicdn.com/kf/H68c945a04eaa473190f47ae4c2735e38W.jpg,https://ae04.alicdn.com/kf/He6ce5a05f0674ee0af20a7b08cca54eaT.jpg,https://ae04.alicdn.com/kf/H21f00f0ebcdc4e439988b1d093d0512cR.jpg,",https://www.aliexpress.com/item/1005002124951082.html,20.69,20.48,8.00%,2098-12-31,1%,https://s.click.aliexpress.com/e/_A8tzxk
Women's Shoes,200133142,Women's Slippers Thick Soled Hole Shoes Increase Shoe Sponge Cake Outdoor Non-slip Beach Sandals Leisure Simplicity Flat Bottom,1005002124531431,https://ae01.alicdn.com/kf/H84fbe8b6333c4195bf1c4effa6035aa6W/Women-s-Slippers-Thick-Soled-Hole-Shoes-Increase-Shoe-Sponge-Cake-Outdoor-Non-slip-Beach-Sandals.jpg_220x220.jpg,"https://ae04.alicdn.com/kf/H84fbe8b6333c4195bf1c4effa6035aa6W.jpg,https://ae04.alicdn.com/kf/H98276cf6e8894e22bec9fd0f54b9ed4ck.jpg,https://ae04.alicdn.com/kf/H82149215bc7b460db4be693cc0ada312Z.jpg,https://ae04.alicdn.com/kf/H8f6be387494b4da09b91d6eebc4cdceai.jpg,https://ae04.alicdn.com/kf/H9869038a775f40e3b088f25d2e1040b3e.jpg,",https://www.aliexpress.com/item/1005002124531431.html,24.04,23.56,8.00%,2098-12-31,2%,https://s.click.aliexpress.com/e/_AcOtQE
Women's Shoes,200133142,Leather slippers new style rivet pointed thick heel set foot all-match women's slippers fashion outer wear women's shoes X764,1005002125403474,https://ae01.alicdn.com/kf/H4170c49a1da44fcab71dd010166fbde58/Leather-slippers-new-style-rivet-pointed-thick-heel-set-foot-all-match-women-s-slippers-fashion.jpg_220x220.jpg,"https://ae04.alicdn.com/kf/H4170c49a1da44fcab71dd010166fbde58.jpg,https://ae04.alicdn.com/kf/H87551d371de7495bb00cead80dd733ddQ.jpg,https://ae04.alicdn.com/kf/Hc0ca0e8a46ac4249bbc215dc2acaab4eI.jpg,https://ae04.alicdn.com/kf/H20eaf0ac619845aa8a92c6c9f9a26d7e6.jpg,https://ae04.alicdn.com/kf/Hf35a5ca25e8d404b8741e5dc6a219681a.jpg,",https://www.aliexpress.com/item/1005002125403474.html,64.80,58.32,8.00%,2098-12-31,10%,https://s.click.aliexpress.com/e/_A7AaOI
Women's Shoes,200133142,Jc 2021 Cinderella crystal shoes with pointed high heels wedding shoes with fine heels bride shoes rhinestone bridesmaid,1005001758233504,https://ae01.alicdn.com/kf/H2cfcaeae6eb944e78dc7f05061c52322B/Jc-2021-Cinderella-crystal-shoes-with-pointed-high-heels-wedding-shoes-with-fine-heels-bride-shoes.jpg_220x220.jpg,"https://ae04.alicdn.com/kf/H2cfcaeae6eb944e78dc7f05061c52322B.jpg,https://ae04.alicdn.com/kf/H34091bee9c334bccb959ce9389657184T.jpg,https://ae04.alicdn.com/kf/Hd89027638bdc46feb44f313a5c09f3019.jpg,https://ae04.alicdn.com/kf/Hf2211389c1294150b7effee83f0d0a29l.jpg,https://ae04.alicdn.com/kf/Hf62f140197244855805c24a0ea85ea98g.jpg,",https://www.aliexpress.com/item/1005001758233504.html,128.00,58.88,8.00%,2098-12-31,54%,https://s.click.aliexpress.com/e/_AbiM1G
Women's Shoes,200133142,2021 new women casual sports shoe outdoor lightweight running shoe flat shoes women platform shoe fashion breathable women shoes,1005002125426199,https://ae01.alicdn.com/kf/He0b237bcadaa4a4caeaba2b3ba2d131en/2021-new-women-casual-sports-shoe-outdoor-lightweight-running-shoe-flat-shoes-women-platform-shoe-fashion.jpg_220x220.jpg,"https://ae04.alicdn.com/kf/He0b237bcadaa4a4caeaba2b3ba2d131en.jpg,https://ae04.alicdn.com/kf/H7026e0756ef24f0b908e7646210dbe0bm.jpg,https://ae04.alicdn.com/kf/H72cd6cb906cf419bb3a231f68b3e9fe3M.jpg,https://ae04.alicdn.com/kf/H80c5538cd3894e0980657c4b5d71a564d.jpg,https://ae04.alicdn.com/kf/Hd45029eb89754936a131ebaa73119959I.jpg,",https://www.aliexpress.com/item/1005002125426199.html,35.75,19.66,8.00%,2098-12-31,45%,https://s.click.aliexpress.com/e/_AOIiiA
Women's Shoes,200133142,Gc women's shoes Mao Mao shoes horse buckle Lok Fu shoes autumn and winter plus cashmere wool woman flats,1005002041048144,https://ae01.alicdn.com/kf/Hadf3fab82d46483d93bdf236897d8fceZ/Gc-women-s-shoes-Mao-Mao-shoes-horse-buckle-Lok-Fu-shoes-autumn-and-winter-plus.jpg_220x220.jpg,"https://ae04.alicdn.com/kf/Hadf3fab82d46483d93bdf236897d8fceZ.jpg,https://ae04.alicdn.com/kf/Hb57b728791be48eba2f6d0b083adbdcci.jpg,https://ae04.alicdn.com/kf/H7a7bf72e3846457198ab734d741dc98f4.jpg,https://ae04.alicdn.com/kf/H702d892103084881bf8813dad5efc3f5t.jpg,https://ae04.alicdn.com/kf/Heb07d6a2eac841038daf1fdbf37f079ek.jpg,",https://www.aliexpress.com/item/1005002041048144.html,268.00,67.00,8.00%,2098-12-31,75%,https://s.click.aliexpress.com/e/_9GxmH8
Women's Shoes,200133142,"Top quality designer brand genuine leather with reflective materials, cute and cute fashion spring and summer women's sneakers",1005002124737616,https://ae01.alicdn.com/kf/H612fb262af5144fd88fd28881a644da5A/Top-quality-designer-brand-genuine-leather-with-reflective-materials-cute-and-cute-fashion-spring-and-summer.jpg_220x220.jpg,"https://ae04.alicdn.com/kf/H612fb262af5144fd88fd28881a644da5A.jpg,https://ae04.alicdn.com/kf/H4b577bf7c1b349f6b9c0dbed501ec9d6q.jpg,https://ae04.alicdn.com/kf/Had3c1cd7e5d747a690ddc008e88623c63.jpg,https://ae04.alicdn.com/kf/Ha938083da3d64965b72e29f9cc4edf65m.jpg,https://ae04.alicdn.com/kf/H3a2f7b2f5bde4b3f8b20fca92fedf80cL.jpg,",https://www.aliexpress.com/item/1005002124737616.html,141.99,,8.00%,2098-12-31,null%,https://s.click.aliexpress.com/e/_AFnQTs
Women's Shoes,200133142,New Fashion Women's Cotton Slippers Winter-Autumn Ladies Slipper Home Indoor Warm Couple Shoes With Soft Outsole Men Shoes 2021,1005001831328778,https://ae01.alicdn.com/kf/H9cb6493b2ef84ecf860448f3d2efd7b5D/New-Fashion-Women-s-Cotton-Slippers-Winter-Autumn-Ladies-Slipper-Home-Indoor-Warm-Couple-Shoes-With.jpg_220x220.jpg,"https://ae04.alicdn.com/kf/H9cb6493b2ef84ecf860448f3d2efd7b5D.jpg,https://ae04.alicdn.com/kf/H2f121542e3ff44f1a53b8aefae18fe2cl.jpg,https://ae04.alicdn.com/kf/Hadaa8eea4dd64ae49038ca3c0545514eb.jpg,https://ae04.alicdn.com/kf/H34ae9f7a628e4e5fb5d2d7fb60eb9b6cy.jpg,https://ae04.alicdn.com/kf/Hb66975c6e98949779ea1981e63fc7d26s.jpg,",https://www.aliexpress.com/item/1005001831328778.html,8.38,4.78,40.00%,2098-12-31,43%,https://s.click.aliexpress.com/e/_97itgA
Women's Shoes,200133142,2021 New Ladies Fashion Lace-up Mesh Comfortable Low-top Outdoor Shoes Soft Striped Flat Casual All-match Shoes For Women,1005002011989397,https://ae01.alicdn.com/kf/H1a09145ed3874ab39bcc7cd5e4e68f7e2/2021-New-Ladies-Fashion-Lace-up-Mesh-Comfortable-Low-top-Outdoor-Shoes-Soft-Striped-Flat-Casual.jpg_220x220.jpg,"https://ae04.alicdn.com/kf/H1a09145ed3874ab39bcc7cd5e4e68f7e2.jpg,https://ae04.alicdn.com/kf/Ha0cfe4301778454cbabb16fe496c0d9fV.jpg,https://ae04.alicdn.com/kf/H4a02c8b2a6a74d43a3f5bc3055ec8d6cy.jpg,https://ae04.alicdn.com/kf/Hfd52664f470d493196f090d58e63bf2eO.jpg,https://ae04.alicdn.com/kf/Hc1f12452050f435db90c7c9cdb8ec0f0t.jpg,",https://www.aliexpress.com/item/1005002011989397.html,20.00,,40.00%,2098-12-31,null%,https://s.click.aliexpress.com/e/_A59z9g
Women's Shoes,200133142,Fashion Ladies Punk Round Toe Platform Zipper Antiskid Temperament Bottom Shoes For Women High-quality PU Leather 2021 New,1005002050476557,https://ae01.alicdn.com/kf/H7fd1197379c84ebe8e5a4d4a65c0a62dG/Fashion-Ladies-Punk-Round-Toe-Platform-Zipper-Antiskid-Temperament-Bottom-Shoes-For-Women-High-quality-PU.jpg_220x220.jpg,"https://ae04.alicdn.com/kf/H7fd1197379c84ebe8e5a4d4a65c0a62dG.jpg,https://ae04.alicdn.com/kf/Hac69fbd05e22407a9797b1d9efe74e0eP.jpg,https://ae04.alicdn.com/kf/H33a28c277de3483a98e54bdcb7724badU.jpg,https://ae04.alicdn.com/kf/H8f3d0732f2944b4ab73df56b92c3f282z.jpg,https://ae04.alicdn.com/kf/H5087b262b66a486a8697fc160b2343d0E.jpg,",https://www.aliexpress.com/item/1005002050476557.html,49.59,29.75,40.00%,2098-12-31,40%,https://s.click.aliexpress.com/e/_97CM4K
Women's Shoes,200133142,2021 New Cheap Comfortable Soft Warm Slippers Women Thick Bottom High-quality Indoor Non-slip Couples Men's Home Plush Slippers,1005002008361492,https://ae01.alicdn.com/kf/Hd338a401cb3345ffb27095277701cb86M/2021-New-Cheap-Comfortable-Soft-Warm-Slippers-Women-Thick-Bottom-High-quality-Indoor-Non-slip-Couples.jpg_220x220.jpg,"https://ae04.alicdn.com/kf/Hd338a401cb3345ffb27095277701cb86M.jpg,https://ae04.alicdn.com/kf/H19d02e81672b49a2953f65b062155dee2.jpg,https://ae04.alicdn.com/kf/Hb2d984d45e5b42c4933281b407db910do.jpg,https://ae04.alicdn.com/kf/H6a10a631b5a946af9aff109791072440V.jpg,https://ae04.alicdn.com/kf/H946cf9e393cf4091a61d6f3835e9c5fdp.jpg,",https://www.aliexpress.com/item/1005002008361492.html,11.13,6.68,40.00%,2098-12-31,40%,https://s.click.aliexpress.com/e/_9uZXMI
Women's Shoes,200133142,Ladies Summer Stitching Flat Slippers Temperament Casual Fashion All-match PU Comfortable Outdoor Shoes For Women 2021 New,1005002023981498,https://ae01.alicdn.com/kf/H0212b5b020f644748bec16c54f925b93W/Ladies-Summer-Stitching-Flat-Slippers-Temperament-Casual-Fashion-All-match-PU-Comfortable-Outdoor-Shoes-For-Women.jpg_220x220.jpg,"https://ae04.alicdn.com/kf/H0212b5b020f644748bec16c54f925b93W.jpg,https://ae04.alicdn.com/kf/H6dbf218fc77e44298cdefbc60b4f26d9M.jpg,https://ae04.alicdn.com/kf/H10c1a984cc5f4c168e1bae51ba47b9edl.jpg,https://ae04.alicdn.com/kf/H9f0e1c07924e4e19adfef2b0b8ad73e8o.jpg,https://ae04.alicdn.com/kf/H170fd6d9ff4f41618c7a41ee4d5d29bfO.jpg,",https://www.aliexpress.com/item/1005002023981498.html,18.56,11.14,40.00%,2098-12-31,40%,https://s.click.aliexpress.com/e/_9RLmae
Women's Shoes,200133142,Fashion Flat Print One-word Slippers Casual Cheap Comfortable Summer Men's And Women's Shoes Thick Bottom Light Cool 2021 New,1005002011983459,https://ae01.alicdn.com/kf/He2f55591024246b5b0910cb58427b802G/Fashion-Flat-Print-One-word-Slippers-Casual-Cheap-Comfortable-Summer-Men-s-And-Women-s-Shoes.jpg_220x220.jpg,"https://ae04.alicdn.com/kf/He2f55591024246b5b0910cb58427b802G.jpg,https://ae04.alicdn.com/kf/Hc009b797502246279e0255b17994cd54V.jpg,https://ae04.alicdn.com/kf/H8b921fd823a241c49c644418c63c4fc1q.jpg,https://ae04.alicdn.com/kf/Ha463237af64d4ef6af4fda839a46b870E.jpg,https://ae04.alicdn.com/kf/H9c2b4f6b408045ec8e187f8ba296d6d0l.jpg,",https://www.aliexpress.com/item/1005002011983459.html,18.99,11.39,40.00%,2098-12-31,40%,https://s.click.aliexpress.com/e/_AZ2VGe
Women's Shoes,200133142,2021 New Mens And Womens Thick-soled Slippers Indoor Breathable Bathroom Thin For Bathing Shoes Non-slip High-quality Fashion,1005002050420696,https://ae01.alicdn.com/kf/H97991e8d6a774542a86d79fc3f4c4968p/2021-New-Mens-And-Womens-Thick-soled-Slippers-Indoor-Breathable-Bathroom-Thin-For-Bathing-Shoes-Non.jpg_220x220.jpg,"https://ae04.alicdn.com/kf/H97991e8d6a774542a86d79fc3f4c4968p.jpg,https://ae04.alicdn.com/kf/H047a55cb98774748889a50162dc60757O.jpg,https://ae04.alicdn.com/kf/Ha89960ce408c488ea928ca246c9b9f99R.jpg,https://ae04.alicdn.com/kf/H9836e56fdb0741dc9fa6fb6e2a7e4938d.jpg,https://ae04.alicdn.com/kf/H7a54aba5c59a4d1e90f1c5054b3d24fax.jpg,",https://www.aliexpress.com/item/1005002050420696.html,12.59,7.55,40.00%,2098-12-31,40%,https://s.click.aliexpress.com/e/_9iTQ5y
Women's Shoes,200133142,2021 New Large Size Casual Sandals Women's Solid Color Platform Crossover Slippers Confortable Thick Bottom Ladies Shoes,1005002023909798,https://ae01.alicdn.com/kf/Hb096407239f3469db9604304e81342dfa/2021-New-Large-Size-Casual-Sandals-Women-s-Solid-Color-Platform-Crossover-Slippers-Confortable-Thick-Bottom.jpg_220x220.jpg,"https://ae04.alicdn.com/kf/Hb096407239f3469db9604304e81342dfa.jpg,https://ae04.alicdn.com/kf/H694642e284be4da9ad273bb70cfef603T.jpg,https://ae04.alicdn.com/kf/He6a34e493b904a82994bb992f8c29b25Q.jpg,https://ae04.alicdn.com/kf/He91d3d6ae3d54d60b6259c4cd457e8659.jpg,https://ae04.alicdn.com/kf/Ha1e65f2a08a6440ab2360d43f7c22cadX.jpg,",https://www.aliexpress.com/item/1005002023909798.html,18.33,11.00,40.00%,2098-12-31,40%,https://s.click.aliexpress.com/e/_ATpEIm
Women's Shoes,200133142,2021 New Fashion Ladies Fleece Soft Slippers Temperament Comfortable Furry Indoor Flats Female Plush Home Shoes High-quality,1005002050453638,https://ae01.alicdn.com/kf/Hde0fb98d0aee4445bfad69ca95514e9cv/2021-New-Fashion-Ladies-Fleece-Soft-Slippers-Temperament-Comfortable-Furry-Indoor-Flats-Female-Plush-Home-Shoes.jpg_220x220.jpg,"https://ae04.alicdn.com/kf/Hde0fb98d0aee4445bfad69ca95514e9cv.jpg,https://ae04.alicdn.com/kf/H16be60513ab943de93c522a2363aa8d5g.jpg,https://ae04.alicdn.com/kf/H5f784f8bcd3e4e838cef8e77278304ffm.jpg,https://ae04.alicdn.com/kf/H7dc7f2459bed476982bbfcc2ba6c9fe1X.jpg,https://ae04.alicdn.com/kf/Haa28205d5ca442099f3d6700d7dfe8b4G.jpg,",https://www.aliexpress.com/item/1005002050453638.html,9.10,5.46,40.00%,2098-12-31,40%,https://s.click.aliexpress.com/e/_AaBFOK
Women's Shoes,200133142,2021 New Female Summer shoes Temperament Cheap Comfortable Flat Casual Light Cool Fashion Slippers For Women Outdoor All-match,1005002008320592,https://ae01.alicdn.com/kf/H0ac273b2a0824b12b31d02a05be17b26B/2021-New-Female-Summer-shoes-Temperament-Cheap-Comfortable-Flat-Casual-Light-Cool-Fashion-Slippers-For-Women.jpg_220x220.jpg,"https://ae04.alicdn.com/kf/H0ac273b2a0824b12b31d02a05be17b26B.jpg,https://ae04.alicdn.com/kf/H189572b919ca4824aaff7504834ea153Q.jpg,https://ae04.alicdn.com/kf/Ha072a6ecad0544058629f4103deaaefau.jpg,https://ae04.alicdn.com/kf/H3a18be3639114f45aed49e975ca41892N.jpg,https://ae04.alicdn.com/kf/H07a831ec1fe64b5aaa1c3b522867efa1w.jpg,",https://www.aliexpress.com/item/1005002008320592.html,10.87,6.52,40.00%,2098-12-31,40%,https://s.click.aliexpress.com/e/_A6afLM
Women's Shoes,200133142,New Ladies Flops Plush Slippers Women Winter Slides Solid Indoor Slippers Girl's Home Cotton Slippers Sandals Shoes For Women,1005002050594127,https://ae01.alicdn.com/kf/Hbe13e75c45cd4971b7643ecc796096ba8/New-Ladies-Flops-Plush-Slippers-Women-Winter-Slides-Solid-Indoor-Slippers-Girl-s-Home-Cotton-Slippers.jpg_220x220.jpg,"https://ae04.alicdn.com/kf/Hbe13e75c45cd4971b7643ecc796096ba8.jpg,https://ae04.alicdn.com/kf/H26687eee9c4c492db3ca1a98181016afH.jpg,https://ae04.alicdn.com/kf/Hf9d656d181764f73a79af129b628952fd.jpg,https://ae04.alicdn.com/kf/He4243e2927e4460e95a0034c78612892r.jpg,https://ae04.alicdn.com/kf/H0744a17d055747938be8b1f9398b3e47u.jpg,",https://www.aliexpress.com/item/1005002050594127.html,12.48,,40.00%,2098-12-31,null%,https://s.click.aliexpress.com/e/_Agckt4
Women's Shoes,200133142,2021 Fashion Casual Women's Shoes White Women Shoes Fashion Daddy Shoes Platform Sneakers Chunky Shoes Women Vulcanized Shoes,1005002125280407,https://ae01.alicdn.com/kf/Hc0987c53bfb94d49ad14c117174cf812w/2021-Fashion-Casual-Women-s-Shoes-White-Women-Shoes-Fashion-Daddy-Shoes-Platform-Sneakers-Chunky-Shoes.jpg_220x220.jpg,"https://ae04.alicdn.com/kf/Hc0987c53bfb94d49ad14c117174cf812w.jpg,https://ae04.alicdn.com/kf/H53461702c6f0423e91b0a9dab58fbcb3Q.jpg,https://ae04.alicdn.com/kf/H6ffb8c2fa5524ab1926c7ec517a516f84.jpg,https://ae04.alicdn.com/kf/H7306372eaca8408ca84b9eb52d38dc53g.jpg,https://ae04.alicdn.com/kf/H6fddd89101cd4c4f9b67e924f829a397q.jpg,",https://www.aliexpress.com/item/1005002125280407.html,38.56,26.22,8.00%,2098-12-31,32%,https://s.click.aliexpress.com/e/_ACkiV4
Women's Shoes,200133142,Autumn And Winter Sneakers Women Thick Bottom Color Block Comfortable Muffin Daddy Shoes Casual Lace-Up Sports Shoes,1005002124158522,https://ae01.alicdn.com/kf/H0133617244ba42c8927b9902963eeec5G/Autumn-And-Winter-Sneakers-Women-Thick-Bottom-Color-Block-Comfortable-Muffin-Daddy-Shoes-Casual-Lace-Up.jpg_220x220.jpg,"https://ae04.alicdn.com/kf/H0133617244ba42c8927b9902963eeec5G.jpg,https://ae04.alicdn.com/kf/H2b634b838a744cf6a49fef3779e6a29bX.jpg,https://ae04.alicdn.com/kf/H56ce30c6da5842d3bc66445ae6059a099.jpg,https://ae04.alicdn.com/kf/Had61208489334ab9ab803bcc5d2d0cadu.jpg,https://ae04.alicdn.com/kf/H953abc500a094fe6b2d369b0c8ce965aO.jpg,",https://www.aliexpress.com/item/1005002124158522.html,161.38,66.17,15.00%,2098-12-31,59%,https://s.click.aliexpress.com/e/_ACIgbY
Women's Shoes,200133142,Women Sneakers Autumn And Winter High Top Trend Running Shoes Breathable Holes Casual Lace-Up Non-Slip Sports Shoes,1005002124299143,https://ae01.alicdn.com/kf/H82ae61ebeb2146b5978ba2b2a04233fcC/Women-Sneakers-Autumn-And-Winter-High-Top-Trend-Running-Shoes-Breathable-Holes-Casual-Lace-Up-Non.jpg_220x220.jpg,"https://ae04.alicdn.com/kf/H82ae61ebeb2146b5978ba2b2a04233fcC.jpg,https://ae04.alicdn.com/kf/Hf767139d3c17483898b8b212924b1a34y.jpg,https://ae04.alicdn.com/kf/He592f8b2ab66412ba0ade90240350fd8Q.jpg,https://ae04.alicdn.com/kf/H61876b222e0d4accae85afc254338135k.jpg,https://ae04.alicdn.com/kf/H7792999adcbe4d9286ffa661c8f6181bV.jpg,",https://www.aliexpress.com/item/1005002124299143.html,153.01,62.73,15.00%,2098-12-31,59%,https://s.click.aliexpress.com/e/_9v5Uvk
Women's Shoes,200133142,Summer new women's half slippers fashion trend women's shoes increased thick-soled shoes breathable outdoor leisure sports shoes,1005002125120715,https://ae01.alicdn.com/kf/H6d2dc0c8073a4169b0e538cc05d03041I/Summer-new-women-s-half-slippers-fashion-trend-women-s-shoes-increased-thick-soled-shoes-breathable.jpg_220x220.jpg,"https://ae04.alicdn.com/kf/H6d2dc0c8073a4169b0e538cc05d03041I.jpg,https://ae04.alicdn.com/kf/H9535d9ee782c47dd839633c8b322887da.jpg,https://ae04.alicdn.com/kf/H6bc860565ddc4a1ea13ede19e95d0a0e8.jpg,https://ae04.alicdn.com/kf/Hae6cc631ea844e7781d01cad90af5be6v.jpg,https://ae04.alicdn.com/kf/Hbb42c6a190084aecb99ee5773f27f97cg.jpg,",https://www.aliexpress.com/item/1005002125120715.html,37.45,20.60,8.00%,2098-12-31,45%,https://s.click.aliexpress.com/e/_9huaJY
Women's Shoes,200133142,Summer new women's half slippers fashion trend women's shoes non-slip wear-resistant flat shoes breathable outdoor casual shoes,1005002124658004,https://ae01.alicdn.com/kf/H57e80a8eaf7c4a25b4388f8a724ce713l/Summer-new-women-s-half-slippers-fashion-trend-women-s-shoes-non-slip-wear-resistant-flat.jpg_220x220.jpg,"https://ae04.alicdn.com/kf/H57e80a8eaf7c4a25b4388f8a724ce713l.jpg,https://ae04.alicdn.com/kf/H973b9927f1e249588bcfc2e8e2e39b75Q.jpg,https://ae04.alicdn.com/kf/H3cccf9a489e34ebeaa31262cd2b5e206c.jpg,https://ae04.alicdn.com/kf/Hefa74cbece2b49f8b8f95fa3f5f3e07ff.jpg,https://ae04.alicdn.com/kf/H6682d1998d7a4f219ad93208c402f9a24.jpg,",https://www.aliexpress.com/item/1005002124658004.html,25.18,13.85,8.00%,2098-12-31,45%,https://s.click.aliexpress.com/e/_AMPU2Q
Women's Shoes,200133142,Summer new ladies sandals and slippers increase thick-soled shoes women's shoes non-slip wear-resistant breathable beach shoes,1005002124339861,https://ae01.alicdn.com/kf/H29ad10ce28594e95b29138669eab20ffo/Summer-new-ladies-sandals-and-slippers-increase-thick-soled-shoes-women-s-shoes-non-slip-wear.jpg_220x220.jpg,"https://ae04.alicdn.com/kf/H29ad10ce28594e95b29138669eab20ffo.jpg,https://ae04.alicdn.com/kf/H0bf24183067c4b2f8ee637fc6c3da399b.jpg,https://ae04.alicdn.com/kf/Hf8b081d4f7de4249998c4f84ac941dc0A.jpg,https://ae04.alicdn.com/kf/Ha77427521759405abaabc8a2c706365cy.jpg,https://ae04.alicdn.com/kf/Hb5298060ff574e09b390e89fda82df75N.jpg,",https://www.aliexpress.com/item/1005002124339861.html,25.18,13.85,8.00%,2098-12-31,45%,https://s.click.aliexpress.com/e/_AmytES
Women's Shoes,200133142,Women Sandals Platform Sandals Wedges Shoes Women Heels Gladiator Sandalias Mujer Summer Shoes Peep Toe Wedge Heels Sandals,4000985291114,https://ae01.alicdn.com/kf/H2d75d0580511493d995b8c6eb44441afQ/Women-Sandals-Platform-Sandals-Wedges-Shoes-Women-Heels-Gladiator-Sandalias-Mujer-Summer-Shoes-Peep-Toe-Wedge.jpg_220x220.jpg,"https://ae04.alicdn.com/kf/H2d75d0580511493d995b8c6eb44441afQ.jpg,https://ae04.alicdn.com/kf/H4d7b8b1411f34293bcb6f208ed395db3F.jpg,https://ae04.alicdn.com/kf/Ha9158c667698442991b11adfbcf2ac6f9.jpg,https://ae04.alicdn.com/kf/H54c152a4067d4c02b5d45592ce6ed600u.jpg,https://ae04.alicdn.com/kf/H7045b7d9af7748eaa596bef0f5387b51y.jpg,",https://www.aliexpress.com/item/4000985291114.html,28.89,15.60,8.00%,2098-12-31,46%,https://s.click.aliexpress.com/e/_Adlox0
Women's Shoes,200133142,Female Summer shoes Temperament Cheap Comfortable Flat Casual Light Cool Fashion Slippers For Women Outdoor All-match 2021 New,1005002008383622,https://ae01.alicdn.com/kf/Hf4a39781f57b4abf8f13e2f889c648281/Female-Summer-shoes-Temperament-Cheap-Comfortable-Flat-Casual-Light-Cool-Fashion-Slippers-For-Women-Outdoor-All.jpg_220x220.jpg,"https://ae04.alicdn.com/kf/Hf4a39781f57b4abf8f13e2f889c648281.jpg,https://ae04.alicdn.com/kf/Hda82311ce44b4f058c6519cea044f1a3O.jpg,https://ae04.alicdn.com/kf/H2030b496ea5f41f6af6cba3db6d1f432y.jpg,https://ae04.alicdn.com/kf/H7c48b8a593d943049e48fc45ce95c7dfC.jpg,https://ae04.alicdn.com/kf/Hf26e1c114c3c44b589a9699c8e6c02c4m.jpg,",https://www.aliexpress.com/item/1005002008383622.html,10.87,6.52,40.00%,2098-12-31,40%,https://s.click.aliexpress.com/e/_A9CGuS
Women's Shoes,200133142,2020 Indoor Leather Winter Home Non-Slip Home Slippers Winter Foam Couples Shoes Women Indoor Non-slips Ladies Soft Slippers,1005001812238173,https://ae01.alicdn.com/kf/H3f57e912ceed4d9884cb5575416d9657e/2020-Indoor-Leather-Winter-Home-Non-Slip-Home-Slippers-Winter-Foam-Couples-Shoes-Women-Indoor-Non.jpg_220x220.jpg,"https://ae04.alicdn.com/kf/H3f57e912ceed4d9884cb5575416d9657e.jpg,https://ae04.alicdn.com/kf/He88daecab52747f0be4006c500e88941f.jpg,https://ae04.alicdn.com/kf/H87cfdcc018a4433788e9ef8a625428584.jpg,https://ae04.alicdn.com/kf/He59dd220a098491591ba4071fc9e96b0V.jpg,https://ae04.alicdn.com/kf/H3643335f2a0c4d0aa9f6fa855a367ff7i.jpg,",https://www.aliexpress.com/item/1005001812238173.html,14.43,8.66,40.00%,2098-12-31,40%,https://s.click.aliexpress.com/e/_Ac13Pk
Women's Shoes,200133142,New 2020 Winter-Autumn Slippers At Home Cotton-Padded Women's Cotton Slippers Indoor Slippers With Soft Outsole Men Shoes,1005001831415517,https://ae01.alicdn.com/kf/H3741b868663f4395bbbc9f3f73e22be7V/New-2020-Winter-Autumn-Slippers-At-Home-Cotton-Padded-Women-s-Cotton-Slippers-Indoor-Slippers-With.jpg_220x220.jpg,"https://ae04.alicdn.com/kf/H3741b868663f4395bbbc9f3f73e22be7V.jpg,https://ae04.alicdn.com/kf/H163df22708944144adc3f76a4964c037G.jpg,https://ae04.alicdn.com/kf/Hac420bd9681a4009833fba5ebf4efcf9y.jpg,https://ae04.alicdn.com/kf/H0d284e5fa28245ff8646cdfe70a8dc44e.jpg,https://ae04.alicdn.com/kf/Hbe8015bcf3e64405b1f33cbc6fdb222ei.jpg,",https://www.aliexpress.com/item/1005001831415517.html,8.81,5.29,40.00%,2098-12-31,40%,https://s.click.aliexpress.com/e/_9H6djc
Women's Shoes,200133142,Fashion Home Antiskid Slippers Cheap Comfortable Soft Shoes Plush Warm  Couple Slippers Men's And Women's Shoes 2021 New,1005002050762702,https://ae01.alicdn.com/kf/Hc0979333442b40889bce9a39f6e55b25G/Fashion-Home-Antiskid-Slippers-Cheap-Comfortable-Soft-Shoes-Plush-Warm-Couple-Slippers-Men-s-And-Women.jpg_220x220.jpg,"https://ae04.alicdn.com/kf/Hc0979333442b40889bce9a39f6e55b25G.jpg,https://ae04.alicdn.com/kf/Ha64e14c1d093407a87ccceaca5f7f48au.jpg,https://ae04.alicdn.com/kf/H685cfffb6fb449358f379b17657bbc0f8.jpg,https://ae04.alicdn.com/kf/He1fb776595d74a898387daacb7bb39dff.jpg,https://ae04.alicdn.com/kf/H6f9df0d23d3f47c28d658f7cd1ecba17C.jpg,",https://www.aliexpress.com/item/1005002050762702.html,14.62,8.77,40.00%,2098-12-31,40%,https://s.click.aliexpress.com/e/_AWro54
Women's Shoes,200133142,2021 New Mens And Womens Thick-soled Slippers Indoor Breathable Bathroom Thin For Bathing Shoes Non-slip High-quality Fashion,1005002050907234,https://ae01.alicdn.com/kf/H8e6f2c4d89ca4ce0ac9e2ca67bab1c5eN/2021-New-Mens-And-Womens-Thick-soled-Slippers-Indoor-Breathable-Bathroom-Thin-For-Bathing-Shoes-Non.jpg_220x220.jpg,"https://ae04.alicdn.com/kf/H8e6f2c4d89ca4ce0ac9e2ca67bab1c5eN.jpg,https://ae04.alicdn.com/kf/H327ceb1433a349bbb43024dcec7cb7d8z.jpg,https://ae04.alicdn.com/kf/H1b828199d4674c2f8b68d17c8c42228fh.jpg,https://ae04.alicdn.com/kf/Hf06cdf09ccbb45e6a592f2e2fb53e6edE.jpg,https://ae04.alicdn.com/kf/H57659977b3934287bfd825e79c3297df7.jpg,",https://www.aliexpress.com/item/1005002050907234.html,12.59,7.55,40.00%,2098-12-31,40%,https://s.click.aliexpress.com/e/_AF2ucK
Women's Shoes,200133142,2021 New Warm Indoor Cheap Comfortable Soft Flat Non-slip Long Ear Slippers Home Men's And Women's Shoes Slippers High-quality,1005002008546056,https://ae01.alicdn.com/kf/H3a23e19434bd4cb0b70c6608462208fea/2021-New-Warm-Indoor-Cheap-Comfortable-Soft-Flat-Non-slip-Long-Ear-Slippers-Home-Men-s.jpg_220x220.jpg,"https://ae04.alicdn.com/kf/H3a23e19434bd4cb0b70c6608462208fea.jpg,https://ae04.alicdn.com/kf/Heacf6461853e4ecd8bbb74a29d5c6afde.jpg,https://ae04.alicdn.com/kf/Hafde3a51c1e94a6a906628f030c192d0Q.jpg,https://ae04.alicdn.com/kf/H6a18ca95f24a45508b6122c562697a47G.jpg,https://ae04.alicdn.com/kf/H4fcae10a326a498cb1ecadf035313007z.jpg,",https://www.aliexpress.com/item/1005002008546056.html,8.57,5.14,40.00%,2098-12-31,40%,https://s.click.aliexpress.com/e/_A2cOXY
Women's Shoes,200133142,Fashion Hot Sale Soft Warm Slippers Temperament Comfortable Furry Indoor Flats Female Plush Home Shoes High-quality 2021 New,1005002050718878,https://ae01.alicdn.com/kf/Hd6fd0fcccbdf419aa45eec44ef4d310dw/Fashion-Hot-Sale-Soft-Warm-Slippers-Temperament-Comfortable-Furry-Indoor-Flats-Female-Plush-Home-Shoes-High.jpg_220x220.jpg,"https://ae04.alicdn.com/kf/Hd6fd0fcccbdf419aa45eec44ef4d310dw.jpg,https://ae04.alicdn.com/kf/H60ed29aac2c842c6a5c9d666e0645d9b3.jpg,https://ae04.alicdn.com/kf/Hc234b670a43347a38733b95e05217a00U.jpg,https://ae04.alicdn.com/kf/Ha6371bdcf2434994807b4465cf09c0b1q.jpg,https://ae04.alicdn.com/kf/Hce1eec750c5242c58fefda2dcc8001c45.jpg,",https://www.aliexpress.com/item/1005002050718878.html,19.60,11.76,40.00%,2098-12-31,40%,https://s.click.aliexpress.com/e/_APVZge
Women's Shoes,200133142,Summer Flat Slides Slippers Soft Flops Thick-soled Comfortable Slippers Indoor Breathable Bathroom Thin Mens And Womens 2021 New,1005002050842422,https://ae01.alicdn.com/kf/H65974d1062b641ac92d2612e02f66883d/Summer-Flat-Slides-Slippers-Soft-Flops-Thick-soled-Comfortable-Slippers-Indoor-Breathable-Bathroom-Thin-Mens-And.jpg_220x220.jpg,"https://ae04.alicdn.com/kf/H65974d1062b641ac92d2612e02f66883d.jpg,https://ae04.alicdn.com/kf/Hea2f914c13bb40f88dbf2298dbac22a4b.jpg,https://ae04.alicdn.com/kf/Hddd730b416274e87af0271815125e846E.jpg,https://ae04.alicdn.com/kf/H2912c4213fbb4db3ab1ec47440665fafB.jpg,https://ae04.alicdn.com/kf/Hdf3f1e42ac6c4baba8e740162b11808dv.jpg,",https://www.aliexpress.com/item/1005002050842422.html,12.28,7.37,40.00%,2098-12-31,40%,https://s.click.aliexpress.com/e/_9yL6s2
Women's Shoes,200133142,Home Indoor Couple Slippers Thick-soled Non-slip Warmth Hairy Fashion Comfortable Soft Men's And Women's Shoes 2021 New,1005002018980998,https://ae01.alicdn.com/kf/Hf168d3f11dd04c80b6aabe3b84fd81d9v/Home-Indoor-Couple-Slippers-Thick-soled-Non-slip-Warmth-Hairy-Fashion-Comfortable-Soft-Men-s-And.jpg_220x220.jpg,"https://ae04.alicdn.com/kf/Hf168d3f11dd04c80b6aabe3b84fd81d9v.jpg,https://ae04.alicdn.com/kf/Hba1a4c4599a440ad97376b6863807e06R.jpg,https://ae04.alicdn.com/kf/Hfc769b41baca4e4d847cc2da1471d1d4l.jpg,https://ae04.alicdn.com/kf/Hf8c818018df54a64a97767ef49fc7ca3r.jpg,https://ae04.alicdn.com/kf/H6e5a3cba2f3140dca311c3a1682756012.jpg,",https://www.aliexpress.com/item/1005002018980998.html,16.30,9.78,40.00%,2098-12-31,40%,https://s.click.aliexpress.com/e/_AsGdkI
Women's Shoes,200133142,2021 New Fashion Ladies Fleece Soft Slippers Temperament Comfortable Furry Indoor Flats Female Plush Home Shoes High-quality,1005002050728835,https://ae01.alicdn.com/kf/Hb3fb9cf843b54986bd9f938601b8a72az/2021-New-Fashion-Ladies-Fleece-Soft-Slippers-Temperament-Comfortable-Furry-Indoor-Flats-Female-Plush-Home-Shoes.jpg_220x220.jpg,"https://ae04.alicdn.com/kf/Hb3fb9cf843b54986bd9f938601b8a72az.jpg,https://ae04.alicdn.com/kf/H263b5f3becf64dbda8368fdb5933132dL.jpg,https://ae04.alicdn.com/kf/H1888ef026224476883ecc013b62b0116i.jpg,https://ae04.alicdn.com/kf/He955feaa482044c4b44893c0db0a24d9F.jpg,https://ae04.alicdn.com/kf/H6124e21ddae0494d8779456bd55ad702C.jpg,",https://www.aliexpress.com/item/1005002050728835.html,9.10,5.46,40.00%,2098-12-31,40%,https://s.click.aliexpress.com/e/_9AuPnG
Women's Shoes,200133142,Women Wedges Sandals Hollow Out PU Vintage Woman Shoes Slip On Casual Sewing Ladies Sandal Female Plus Size Summer,4001090688745,https://ae01.alicdn.com/kf/H211c369165724ae08d385946f66cf731z/Women-Wedges-Sandals-Hollow-Out-PU-Vintage-Woman-Shoes-Slip-On-Casual-Sewing-Ladies-Sandal-Female.jpg_220x220.jpg,"https://ae04.alicdn.com/kf/H211c369165724ae08d385946f66cf731z.jpg,https://ae04.alicdn.com/kf/H9ea5131b448d4a25bd2cc070bc64c9041.jpg,https://ae04.alicdn.com/kf/H0cbfd03f11e14ef78500b796c4e501d84.jpg,https://ae04.alicdn.com/kf/H1f9b2100c27a4c43b8fcccddc98742f7V.jpg,https://ae04.alicdn.com/kf/H8f3d21e04df748b5accd8a7fed8b46d6x.jpg,",https://www.aliexpress.com/item/4001090688745.html,24.19,12.58,8.00%,2098-12-31,48%,https://s.click.aliexpress.com/e/_ACuaeq
Women's Shoes,200133142,New Slippers Women Summer Sandals 2021 Fashionable Bling Female Casual Flops Girls Flat Shoes Outdoor Cool Sandals For Women,4001306096429,https://ae01.alicdn.com/kf/Ha8d47d12b4fb4ce7acbd8512b167c316n/New-Slippers-Women-Summer-Sandals-2021-Fashionable-Bling-Female-Casual-Flops-Girls-Flat-Shoes-Outdoor-Cool.jpg_220x220.jpg,"https://ae04.alicdn.com/kf/Ha8d47d12b4fb4ce7acbd8512b167c316n.jpg,https://ae04.alicdn.com/kf/Hf7bd91fc6a9a419aaef0754c23790715I.jpg,https://ae04.alicdn.com/kf/H9a1a6d399c9246219770f5b34854cd49u.jpg,https://ae04.alicdn.com/kf/Hfc718fc6f904467a9b1146a266ab4770K.jpg,https://ae04.alicdn.com/kf/Hfdf05677d9304f64ab33fd0e65ae3322f.jpg,",https://www.aliexpress.com/item/4001306096429.html,11.00,6.49,40.00%,2098-12-31,41%,https://s.click.aliexpress.com/e/_AqLlmi
Women's Shoes,200133142,New Women Flats 2020 Spring Summer Ladies Mesh Flat Shoes Women Soft Breathable Sneakers Women Casual Shoes Zapatos De Mujer,4001053505056,https://ae01.alicdn.com/kf/H69b72f2ae94041afa7998fb196249fa4t/New-Women-Flats-2020-Spring-Summer-Ladies-Mesh-Flat-Shoes-Women-Soft-Breathable-Sneakers-Women-Casual.jpg_220x220.jpg,"https://ae04.alicdn.com/kf/H69b72f2ae94041afa7998fb196249fa4t.jpg,https://ae04.alicdn.com/kf/Hccfd8cf1072248d4a2e362457a0960c6d.jpg,https://ae04.alicdn.com/kf/H891a61057cff428aba137a823628445dZ.jpg,https://ae04.alicdn.com/kf/Hdef7632316c940f587e23f79699e6719t.jpg,https://ae04.alicdn.com/kf/Hdd0857eed22740c3866a5da436351839R.jpg,",https://www.aliexpress.com/item/4001053505056.html,23.60,12.27,8.00%,2098-12-31,48%,https://s.click.aliexpress.com/e/_AnZWZU
Women's Shoes,200133142,2019 Autumn Winter Women Boots Fashion Casual Ladies shoes Martin boots Suede Leather Buckle boots High heeled zipper Snow boot,33013124291,https://ae01.alicdn.com/kf/HTB1ucEynTZmx1VjSZFGq6yx2XXa6/2019-Autumn-Winter-Women-Boots-Fashion-Casual-Ladies-shoes-Martin-boots-Suede-Leather-Buckle-boots-High.jpg_220x220.jpg,"https://ae04.alicdn.com/kf/HTB1ucEynTZmx1VjSZFGq6yx2XXa6.jpg,https://ae04.alicdn.com/kf/HTB1LOE_U7voK1RjSZFwq6AiCFXaY.jpg,https://ae04.alicdn.com/kf/HTB11ns0U3HqK1RjSZFgq6y7JXXal.jpg,https://ae04.alicdn.com/kf/HTB1TDs3UZbpK1RjSZFyq6x_qFXao.jpg,https://ae04.alicdn.com/kf/HTB1Ias2U7voK1RjSZFDq6xY3pXac.jpg,",https://www.aliexpress.com/item/33013124291.html,35.25,18.33,8.00%,2098-12-31,48%,https://s.click.aliexpress.com/e/_A5fngO
Women's Shoes,200133142,Winter Indoor Women Slippers House Soft Cotton Slippers Non-slip Floor Shoes Home Slippers Women Slides Bedroom Warm Shooes,1005001831482345,https://ae01.alicdn.com/kf/H7e9ad7d90af9426ab04259aca4085f30f/Winter-Indoor-Women-Slippers-House-Soft-Cotton-Slippers-Non-slip-Floor-Shoes-Home-Slippers-Women-Slides.jpg_220x220.jpg,"https://ae04.alicdn.com/kf/H7e9ad7d90af9426ab04259aca4085f30f.jpg,https://ae04.alicdn.com/kf/H43b67102856f41dbb6df15c4d5ba70ccL.jpg,https://ae04.alicdn.com/kf/H675ea2cf8f8448949c4f98c922f86540A.jpg,https://ae04.alicdn.com/kf/Ha1675c7aa4514bf49e06cf191c98b7109.jpg,https://ae04.alicdn.com/kf/Ha8e4633ee7f24b88b3f5a0f1e290be77E.jpg,",https://www.aliexpress.com/item/1005001831482345.html,6.35,3.81,40.00%,2098-12-31,40%,https://s.click.aliexpress.com/e/_AaCL1C
Women's Shoes,200133142,Women Indoor Slippers Warm Lovers Home Slipper Anti Slip Autumn Winter Shoes Household Floor Soft Indoor Flat Cotton Home Shoes,1005001829005316,https://ae01.alicdn.com/kf/Hcb2e8dd1f6cb45088cec6e536f705cabb/Women-Indoor-Slippers-Warm-Lovers-Home-Slipper-Anti-Slip-Autumn-Winter-Shoes-Household-Floor-Soft-Indoor.jpg_220x220.jpg,"https://ae04.alicdn.com/kf/Hcb2e8dd1f6cb45088cec6e536f705cabb.jpg,https://ae04.alicdn.com/kf/H7f37ef37a3e04ab0a3b2f30cbda54225d.jpg,https://ae04.alicdn.com/kf/Hde43c82d0a6a4bbaa3e16e338d0b4fc22.jpg,https://ae04.alicdn.com/kf/Hd9119c22f2484cf889d8172d9ae8def9W.jpg,https://ae04.alicdn.com/kf/H434435fb4dbf43dcb3c02964c04f87c04.jpg,",https://www.aliexpress.com/item/1005001829005316.html,11.99,7.19,40.00%,2098-12-31,40%,https://s.click.aliexpress.com/e/_A6bROE
Women's Shoes,200133142,Sexy Women Rivets Flat Sandals Plus Size Leather Summer Shoes 2020 Fashion Flat Beach Sandals Sandalias De Mujer,4001121918174,https://ae01.alicdn.com/kf/H43a98ba106ff4581ad44a20a036575d6w/Sexy-Women-Rivets-Flat-Sandals-Plus-Size-Leather-Summer-Shoes-2020-Fashion-Flat-Beach-Sandals-Sandalias.jpg_220x220.jpg,"https://ae04.alicdn.com/kf/H43a98ba106ff4581ad44a20a036575d6w.jpg,https://ae04.alicdn.com/kf/Hedcaa2f23e784fe785c7ec3a135d6cca5.jpg,https://ae04.alicdn.com/kf/H040e79f2a68a47518df5c8da53e22b319.jpg,https://ae04.alicdn.com/kf/He14a878e1a444fc5ab51024465eb3f36J.jpg,https://ae04.alicdn.com/kf/He16fe771325a4f5297725ac2b7fd683an.jpg,",https://www.aliexpress.com/item/4001121918174.html,19.87,12.92,40.00%,2098-12-31,35%,https://s.click.aliexpress.com/e/_9iVos6
Women's Shoes,200133142,Fashion Flat Print One-word Slippers Casual Cheap Comfortable Summer Men's And Women's Shoes Thick Bottom Light Cool 2021 New,1005002011992584,https://ae01.alicdn.com/kf/Hea249802cd4d44c9ad932b1d267ca274E/Fashion-Flat-Print-One-word-Slippers-Casual-Cheap-Comfortable-Summer-Men-s-And-Women-s-Shoes.jpg_220x220.jpg,"https://ae04.alicdn.com/kf/Hea249802cd4d44c9ad932b1d267ca274E.jpg,https://ae04.alicdn.com/kf/H3ef974119cea48df8e96e2bb84ca5804H.jpg,https://ae04.alicdn.com/kf/H5f37816565f043a8a2f71300fc754e135.jpg,https://ae04.alicdn.com/kf/H3799b59436524dec9c9a7fa47009fdcbX.jpg,https://ae04.alicdn.com/kf/Hc7a6ad5ec6c249278807682156e7543ef.jpg,",https://www.aliexpress.com/item/1005002011992584.html,18.99,11.39,40.00%,2098-12-31,40%,https://s.click.aliexpress.com/e/_AM0G58
Women's Shoes,200133142,Ladies Cheap Comfortable Shoes Soft Sequined Fashion Zipper Thick Bottom Sequined Sneakers Antiskid Shoes For Women 2021 New,1005002031890980,https://ae01.alicdn.com/kf/Ha84e09a82ab1441aa713c797219e6ec8a/Ladies-Cheap-Comfortable-Shoes-Soft-Sequined-Fashion-Zipper-Thick-Bottom-Sequined-Sneakers-Antiskid-Shoes-For-Women.jpg_220x220.jpg,"https://ae04.alicdn.com/kf/Ha84e09a82ab1441aa713c797219e6ec8a.jpg,https://ae04.alicdn.com/kf/H312fba27e38e4ce494c44db3833422d5d.jpg,https://ae04.alicdn.com/kf/H3c4449d121c84b978a663273b11d8ea8P.jpg,https://ae04.alicdn.com/kf/Hb328ef9a82664f62a11f1622e6ce279dX.jpg,https://ae04.alicdn.com/kf/H5ec373eeecf047f2bb8b27c3e5b426eaH.jpg,",https://www.aliexpress.com/item/1005002031890980.html,24.99,14.99,40.00%,2098-12-31,40%,https://s.click.aliexpress.com/e/_9vqGxu
Women's Shoes,200133142,New Bright Diamonds Women's Platform Summer Sandals  Flop Outdoor Fashion Comfortable Casual Rhinestones Buckle Slippers,4001054558543,https://ae01.alicdn.com/kf/Hc2d970c2c33e4e71a7eeee9f16bad1abP/New-Bright-Diamonds-Women-s-Platform-Summer-Sandals-Flop-Outdoor-Fashion-Comfortable-Casual-Rhinestones-Buckle-Slippers.jpg_220x220.jpg,"https://ae04.alicdn.com/kf/Hc2d970c2c33e4e71a7eeee9f16bad1abP.jpg,https://ae04.alicdn.com/kf/Hd04a4e89ebe142b1af785307cef77692d.jpg,https://ae04.alicdn.com/kf/H1ced79d4f3294b0bac42fa78c804e5c0B.jpg,https://ae04.alicdn.com/kf/Hf99b24a893f146dfa607abea638c93a1D.jpg,https://ae04.alicdn.com/kf/H8ca7cd2530d64465b6c2a459dcc7d277H.jpg,",https://www.aliexpress.com/item/4001054558543.html,7.35,4.70,40.00%,2098-12-31,36%,https://s.click.aliexpress.com/e/_AT2Kuw
Women's Shoes,200133142,Ladies Fashion Casual Sandals Comfortable Summer Weaving Flat Slippers Toe Flat Girls Cool Shoes Soft Bottom Outside 2021 New,1005001962781384,https://ae01.alicdn.com/kf/H034fed9edbbe4c3299409f97159292d2W/Ladies-Fashion-Casual-Sandals-Comfortable-Summer-Weaving-Flat-Slippers-Toe-Flat-Girls-Cool-Shoes-Soft-Bottom.jpg_220x220.jpg,"https://ae04.alicdn.com/kf/H034fed9edbbe4c3299409f97159292d2W.jpg,https://ae04.alicdn.com/kf/H850961596bb34cb49fb7d5161307a097i.jpg,https://ae04.alicdn.com/kf/H452ac77a27d049f4a4aab441e7588f62v.jpg,https://ae04.alicdn.com/kf/H69b0b20a417544cea66b80b516af2917w.jpg,https://ae04.alicdn.com/kf/H9392930b5a404ea19b7245eb76090ff7Q.jpg,",https://www.aliexpress.com/item/1005001962781384.html,14.80,8.88,40.00%,2098-12-31,40%,https://s.click.aliexpress.com/e/_AmzZlo
Women's Shoes,200133142,2021 New Summer Temperament Flat-heeled Women's Shoes Cheap Comfortable Flat-soled Slippers Female Outdoor Fashion Slippers,1005001999384621,https://ae01.alicdn.com/kf/H681ef6c3ca71497bb147b104405c083ez/2021-New-Summer-Temperament-Flat-heeled-Women-s-Shoes-Cheap-Comfortable-Flat-soled-Slippers-Female-Outdoor.jpg_220x220.jpg,"https://ae04.alicdn.com/kf/H681ef6c3ca71497bb147b104405c083ez.jpg,https://ae04.alicdn.com/kf/H280586e2895a4bf694a2d3e8a8b3dad7a.jpg,https://ae04.alicdn.com/kf/H6b332fc231934e5cb1a172f243c15e198.jpg,https://ae04.alicdn.com/kf/Ha025aab22f37449eb8ae769f4186e6c0i.jpg,https://ae04.alicdn.com/kf/Hdb896de87f094c3ab40adb5668e6ee2ct.jpg,",https://www.aliexpress.com/item/1005001999384621.html,11.99,7.19,40.00%,2098-12-31,40%,https://s.click.aliexpress.com/e/_97jZjM
Women's Shoes,200133142,2021 Winter Shoes Women Thigh High Heels Boots Fashion Suede Leather Lace Up Female Over The Knee Boots  Plus Large Size,1005001632799264,https://ae01.alicdn.com/kf/H29d722970bca441ba0dc231af779fee16/2021-Winter-Shoes-Women-Thigh-High-Heels-Boots-Fashion-Suede-Leather-Lace-Up-Female-Over-The.jpg_220x220.jpg,"https://ae04.alicdn.com/kf/H29d722970bca441ba0dc231af779fee16.jpg,https://ae04.alicdn.com/kf/H29ca3684a7864000b4b54d36f3a3c13du.jpg,https://ae04.alicdn.com/kf/H6249ae77263c49fe9a01204fa0cf7d90w.jpg,https://ae04.alicdn.com/kf/Hd7c1a32ef05943a4b33c30a5863fad52O.jpg,https://ae04.alicdn.com/kf/H8d560cbbf0e941a5ba0b4a4508e5035ds.jpg,",https://www.aliexpress.com/item/1005001632799264.html,12.00,7.20,40.00%,2098-12-31,40%,https://s.click.aliexpress.com/e/_AlucoS
Women's Shoes,200133142,Kmeioo Air Mesh Mary Janes Fashion Spring Autumn Shoes Woman Round Toe High Heels Square Heel Pumps Prom Shoes,32995945071,https://ae01.alicdn.com/kf/HTB1sXJvPhnaK1RjSZFBq6AW7VXad/Kmeioo-Air-Mesh-Mary-Janes-Fashion-Spring-Autumn-Shoes-Woman-Round-Toe-High-Heels-Square-Heel.jpg_220x220.jpg,"https://ae04.alicdn.com/kf/HTB1sXJvPhnaK1RjSZFBq6AW7VXad.jpg,https://ae04.alicdn.com/kf/HTB13lwZO9rqK1RjSZK9q6xyypXab.jpg,https://ae04.alicdn.com/kf/HTB1iQg8O4TpK1RjSZFMq6zG_VXaS.jpg,https://ae04.alicdn.com/kf/HTB1MNU8O4TpK1RjSZFKq6y2wXXaj.jpg,https://ae04.alicdn.com/kf/HTB1pvBXPkvoK1RjSZFNq6AxMVXas.jpg,",https://www.aliexpress.com/item/32995945071.html,42.98,,8.00%,2098-12-31,null%,https://s.click.aliexpress.com/e/_9gj7zY
Women's Shoes,200133142,Winter Warm Plush Slippers Waterproof Slippers Woman Men Indoor Slippers Lovers Home Slipper Thick Sole Female Kitchen Shoes,1005001973424048,https://ae01.alicdn.com/kf/H5838065cdad14b7ab31b707177293f380/Winter-Warm-Plush-Slippers-Waterproof-Slippers-Woman-Men-Indoor-Slippers-Lovers-Home-Slipper-Thick-Sole-Female.jpg_220x220.jpg,"https://ae04.alicdn.com/kf/H5838065cdad14b7ab31b707177293f380.jpg,https://ae04.alicdn.com/kf/H97d6a59341ef4c5081594538c67c0c32J.jpg,https://ae04.alicdn.com/kf/H5717f6f8a3ce42538bca2ed33c395f30j.jpg,https://ae04.alicdn.com/kf/H7c93bb20bd5b4f6283b5f2c3d836f171e.jpg,https://ae04.alicdn.com/kf/Ha9bacd4989bf49dda70b900749555515s.jpg,",https://www.aliexpress.com/item/1005001973424048.html,3.80,2.28,15.00%,2098-12-31,40%,https://s.click.aliexpress.com/e/_9z6vZg
Women's Shoes,200133142,New Fashion 2020 Women's Ankle Boots Leopard Ladies Chunky  Female Shoes Woman Footwear Plus Size 35-43,1005001438250911,https://ae01.alicdn.com/kf/H1d0e509902c3405798d1ede2ec70cfdeP/New-Fashion-2020-Women-s-Ankle-Boots-Leopard-Ladies-Chunky-Female-Shoes-Woman-Footwear-Plus-Size.jpg_220x220.jpg,"https://ae04.alicdn.com/kf/H1d0e509902c3405798d1ede2ec70cfdeP.jpg,https://ae04.alicdn.com/kf/He1205ee380244ea797550fb819b2453b7.jpg,https://ae04.alicdn.com/kf/He58381d1e2194e93a207386f0e637320l.jpg,https://ae04.alicdn.com/kf/H8c1e28fdcd394a10af34fc67e534c76aM.jpg,https://ae04.alicdn.com/kf/H456845e661614f689393a60b9945ff10P.jpg,",https://www.aliexpress.com/item/1005001438250911.html,34.28,18.51,8.00%,2098-12-31,46%,https://s.click.aliexpress.com/e/_A10IPu
Women's Shoes,200133142,Plus Size Ankle Boots Women Platform High Heels Female Lace Up Shoes Woman Buckle Short Boot Casual Ladies Footwear Drop Ship,1005001936528424,https://ae01.alicdn.com/kf/Ha90d4df47fc24623aab1882d3ffe35874/Plus-Size-Ankle-Boots-Women-Platform-High-Heels-Female-Lace-Up-Shoes-Woman-Buckle-Short-Boot.jpg_220x220.jpg,"https://ae04.alicdn.com/kf/Ha90d4df47fc24623aab1882d3ffe35874.jpg,https://ae04.alicdn.com/kf/H74f4018a016a48b68081c031b32e1a55t.jpg,https://ae04.alicdn.com/kf/Hc9fee4b76d204e029a3641b661328fech.jpg,https://ae04.alicdn.com/kf/Hffecbef0d2ae4b319bfc39e6785b3815a.jpg,https://ae04.alicdn.com/kf/H8fb3f60e9d114499aa21a54684cf8d62n.jpg,",https://www.aliexpress.com/item/1005001936528424.html,37.80,20.41,8.00%,2098-12-31,46%,https://s.click.aliexpress.com/e/_AKfpw6
Women's Shoes,200133142,New Women Winter Warm Sandals Fauxfur Slippers Female Shoes Fashion Home Shoes Woman Slip On Flats Girls Indoor Slides 2021,1005001582008034,https://ae01.alicdn.com/kf/H1c36ba2e51b444f5a7586aa5cf0955e3E/New-Women-Winter-Warm-Sandals-Fauxfur-Slippers-Female-Shoes-Fashion-Home-Shoes-Woman-Slip-On-Flats.jpg_220x220.jpg,"https://ae04.alicdn.com/kf/H1c36ba2e51b444f5a7586aa5cf0955e3E.jpg,https://ae04.alicdn.com/kf/Ha657b2f366154564b350d0a6e24671b93.jpg,https://ae04.alicdn.com/kf/H74e0fb57a44c4e548e913487095da6f42.jpg,https://ae04.alicdn.com/kf/H8397f22ed86d475c8b284f2ee9e3f842P.jpg,https://ae04.alicdn.com/kf/Ha7f3b765cc294e87b7281f3d7f48f0e4X.jpg,",https://www.aliexpress.com/item/1005001582008034.html,7.99,5.19,30.00%,2098-12-31,35%,https://s.click.aliexpress.com/e/_AeM0mQ
Women's Shoes,200133142,New Women Flats 2020 Spring Summer Ladies Mesh Flat Shoes Women Soft Breathable Sneakers Women Casual Shoes Zapatos De Mujer,4000984094745,https://ae01.alicdn.com/kf/H43ef044cd9e14e968991f7e52084ab95U/New-Women-Flats-2020-Spring-Summer-Ladies-Mesh-Flat-Shoes-Women-Soft-Breathable-Sneakers-Women-Casual.jpg_220x220.jpg,"https://ae04.alicdn.com/kf/H43ef044cd9e14e968991f7e52084ab95U.jpg,https://ae04.alicdn.com/kf/H1147c50880914a0bb6a3a77da468fcf0k.jpg,https://ae04.alicdn.com/kf/H8528966a9a0b4495bff1e8b91ed280995.jpg,https://ae04.alicdn.com/kf/Hf3d372fbcdbb474ea3a32d56adc17891a.jpg,https://ae04.alicdn.com/kf/Hf94672030e5a4828990341ca998084d2M.jpg,",https://www.aliexpress.com/item/4000984094745.html,23.60,12.74,8.00%,2098-12-31,46%,https://s.click.aliexpress.com/e/_ALLnsQ
Women's Shoes,200133142,kmeioo classic career shoes ladies office square toe flat sandals woman Two-Pieces basic shoe buckle shallow flats D'orsay Flats,4001131732709,https://ae01.alicdn.com/kf/H8b325ef73227477dbfbec80ccb4bcb57X/kmeioo-classic-career-shoes-ladies-office-square-toe-flat-sandals-woman-Two-Pieces-basic-shoe-buckle.jpg_220x220.jpg,"https://ae04.alicdn.com/kf/H8b325ef73227477dbfbec80ccb4bcb57X.jpg,https://ae04.alicdn.com/kf/H9ef6793edea74ed397e16aab5c9eadc0b.jpg,https://ae04.alicdn.com/kf/H444a20b0369542f5aef3fe9b7e57c5c9c.jpg,https://ae04.alicdn.com/kf/H7639189e1ab94e3dba8b950c9061212dC.jpg,https://ae04.alicdn.com/kf/H6ce6a04f26924d75b1728658ec6fd847T.jpg,",https://www.aliexpress.com/item/4001131732709.html,44.99,,10.00%,2098-12-31,null%,https://s.click.aliexpress.com/e/_9JV2SI
Women's Shoes,200133142,New Fashion Shoes lolita shoes women Japanese Style Mary Jane Shoes Women Vintage Girls High Heel Platform shoes College Student,1005002116491350,https://ae01.alicdn.com/kf/H96c0c8621fd34a41b5495b54aab22ea5R/New-Fashion-Shoes-lolita-shoes-women-Japanese-Style-Mary-Jane-Shoes-Women-Vintage-Girls-High-Heel.jpg_220x220.jpg,"https://ae04.alicdn.com/kf/H96c0c8621fd34a41b5495b54aab22ea5R.jpg,https://ae04.alicdn.com/kf/H09f39700a1344806be816aad190114084.jpg,https://ae04.alicdn.com/kf/H3f089794acd0423899291bb4b5536c22i.jpg,https://ae04.alicdn.com/kf/Hf1b737a2383e43758b848867d81fa222c.jpg,https://ae04.alicdn.com/kf/Hf1a7cb97a6084c9caf5f20ff7ef48103Y.jpg,",https://www.aliexpress.com/item/1005002116491350.html,17.25,10.35,40.00%,2098-12-31,40%,https://s.click.aliexpress.com/e/_A4ZYjg
Women's Shoes,200133142,Women Pumps Womens Shoes High Heels lolita mary jane Fashion Wedges Platform Ladies Female Brand Designers Pumps Shoes for Women,1005002116520591,https://ae01.alicdn.com/kf/H0d05b23db61340b9b376fa47d4b2a574G/Women-Pumps-Womens-Shoes-High-Heels-lolita-mary-jane-Fashion-Wedges-Platform-Ladies-Female-Brand-Designers.jpg_220x220.jpg,"https://ae04.alicdn.com/kf/H0d05b23db61340b9b376fa47d4b2a574G.jpg,https://ae04.alicdn.com/kf/H48bc3ca8ff794345b78f88633a1ef2d4A.jpg,https://ae04.alicdn.com/kf/H7bd8e64274da4dab94e7a5ad3ad6efe9j.jpg,https://ae04.alicdn.com/kf/Hd47b8cad50124bcbb38a00d429610570T.jpg,https://ae04.alicdn.com/kf/Hffc372b81d8249879d77f5ab83a4ee2dd.jpg,",https://www.aliexpress.com/item/1005002116520591.html,7.57,4.54,20.00%,2098-12-31,40%,https://s.click.aliexpress.com/e/_A3z7rM
Women's Shoes,200133142,2021 Spring New Mary Shoes Small Size Thick Heel Thick Bottom High Heels Were Thin Retro Lolita Small Leather Shoes,1005002116472429,https://ae01.alicdn.com/kf/H2ef5a18d924a4135950595dc4731bf8ct/2021-Spring-New-Mary-Shoes-Small-Size-Thick-Heel-Thick-Bottom-High-Heels-Were-Thin-Retro.jpg_220x220.jpg,"https://ae04.alicdn.com/kf/H2ef5a18d924a4135950595dc4731bf8ct.jpg,https://ae04.alicdn.com/kf/H5300dae7156e4b65ab1d2c0ed520e1a5y.jpg,https://ae04.alicdn.com/kf/H78854e54a11749dbb922c6c54bcca95bJ.jpg,https://ae04.alicdn.com/kf/H2d9be006a14a40658d377dca15d48812y.jpg,https://ae04.alicdn.com/kf/H660ceb32fd5f42f4823a2d2e0149580dJ.jpg,",https://www.aliexpress.com/item/1005002116472429.html,2.40,1.44,15.00%,2098-12-31,40%,https://s.click.aliexpress.com/e/_9Iv5eS
Women's Shoes,200133142,Women's Slippers Summer Folding Travel Portable Slippers Home Flip-Flops Beach Flat bottomed light Female Sandals flip flop,4000293133658,https://ae01.alicdn.com/kf/H8953c35a7e034aa780b945f12530b5a6M/Women-s-Slippers-Summer-Folding-Travel-Portable-Slippers-Home-Flip-Flops-Beach-Flat-bottomed-light-Female.jpg_220x220.jpg,"https://ae04.alicdn.com/kf/H8953c35a7e034aa780b945f12530b5a6M.jpg,https://ae04.alicdn.com/kf/H4546589c5bbb47058cc529b1b3a20cf0I.jpg,https://ae04.alicdn.com/kf/He054237d21364095b4b77bf264ab9766e.jpg,https://ae04.alicdn.com/kf/H209fa07fc29749e7a9e244f303a139e6N.jpg,https://ae04.alicdn.com/kf/Hf165885b8eae4d46ba926ddb84cff598g.jpg,",https://www.aliexpress.com/item/4000293133658.html,12.35,6.42,8.00%,2098-12-31,48%,https://s.click.aliexpress.com/e/_AXWPWi
Women's Shoes,200133142,2020 Handmade Sandals Women Flat Sandals Ankle Strap Beaded Special Plus Size shoes for Women Beach Sandals,4001041499894,https://ae01.alicdn.com/kf/He3b4636fbdea450e96a646e8a5b276938/2020-Handmade-Sandals-Women-Flat-Sandals-Ankle-Strap-Beaded-Special-Plus-Size-shoes-for-Women-Beach.jpg_220x220.jpg,"https://ae04.alicdn.com/kf/He3b4636fbdea450e96a646e8a5b276938.jpg,https://ae04.alicdn.com/kf/H8df492add45c453cabdcd000c9f636cdg.jpg,https://ae04.alicdn.com/kf/Ha06fe24e326649f0996bcc59a9d6b22e9.jpg,https://ae04.alicdn.com/kf/H00dc9e0e5efa49a0a386872ea9748aa1Q.jpg,https://ae04.alicdn.com/kf/Hff7ec2366bc2433991917c916ac2d498O.jpg,",https://www.aliexpress.com/item/4001041499894.html,21.23,11.04,8.00%,2098-12-31,48%,https://s.click.aliexpress.com/e/_9gDA14
Women's Shoes,200133142,Fashion Flat Print One-word Slippers Casual Cheap Comfortable Summer Men's And Women's Shoes Thick Bottom Light Cool 2021 New,1005002011996775,https://ae01.alicdn.com/kf/Hff5badd533aa4fe8937ce261a5ac88e3l/Fashion-Flat-Print-One-word-Slippers-Casual-Cheap-Comfortable-Summer-Men-s-And-Women-s-Shoes.jpg_220x220.jpg,"https://ae04.alicdn.com/kf/Hff5badd533aa4fe8937ce261a5ac88e3l.jpg,https://ae04.alicdn.com/kf/Hf2a84a46705b4252a0d25e06e6d82dc2h.jpg,https://ae04.alicdn.com/kf/H8a261e19e071452581a02aa3de4856f4t.jpg,https://ae04.alicdn.com/kf/Hbf81db00906248d2b39a89251ef14d95C.jpg,https://ae04.alicdn.com/kf/H81c2f122dc884301bd6b11632ab6f7448.jpg,",https://www.aliexpress.com/item/1005002011996775.html,18.99,11.39,30.00%,2098-12-31,40%,https://s.click.aliexpress.com/e/_AAseka
Women's Shoes,200133142,New Bright Diamonds Women's Platform Summer Sandals  Flop Outdoor Fashion Comfortable Casual Rhinestones Buckle Slippers,4001054558543,https://ae01.alicdn.com/kf/Hc2d970c2c33e4e71a7eeee9f16bad1abP/New-Bright-Diamonds-Women-s-Platform-Summer-Sandals-Flop-Outdoor-Fashion-Comfortable-Casual-Rhinestones-Buckle-Slippers.jpg_220x220.jpg,"https://ae04.alicdn.com/kf/Hc2d970c2c33e4e71a7eeee9f16bad1abP.jpg,https://ae04.alicdn.com/kf/Hd04a4e89ebe142b1af785307cef77692d.jpg,https://ae04.alicdn.com/kf/H1ced79d4f3294b0bac42fa78c804e5c0B.jpg,https://ae04.alicdn.com/kf/Hf99b24a893f146dfa607abea638c93a1D.jpg,https://ae04.alicdn.com/kf/H8ca7cd2530d64465b6c2a459dcc7d277H.jpg,",https://www.aliexpress.com/item/4001054558543.html,7.35,4.70,40.00%,2098-12-31,36%,https://s.click.aliexpress.com/e/_9QqJCe
Women's Shoes,200133142,2021 New Female Summer shoes Temperament Cheap Comfortable Flat Casual Light Cool Fashion Slippers For Women Outdoor All-match,1005002008499429,https://ae01.alicdn.com/kf/H2ae3f883867640f4be9974aa10e73a6er/2021-New-Female-Summer-shoes-Temperament-Cheap-Comfortable-Flat-Casual-Light-Cool-Fashion-Slippers-For-Women.jpg_220x220.jpg,"https://ae04.alicdn.com/kf/H2ae3f883867640f4be9974aa10e73a6er.jpg,https://ae04.alicdn.com/kf/Hf1717ec28f1d453aa043a3b28a16544aE.jpg,https://ae04.alicdn.com/kf/H555619f85c0140e38094141825118a4fL.jpg,https://ae04.alicdn.com/kf/Ha5c4e46fbdca4779ab8999569dfcb5dbV.jpg,https://ae04.alicdn.com/kf/H5cef597608b24e1dbe1852d7726c029dn.jpg,",https://www.aliexpress.com/item/1005002008499429.html,10.87,6.52,40.00%,2098-12-31,40%,https://s.click.aliexpress.com/e/_AY2NdC
Women's Shoes,200133142,2021 New Summer Temperament Flat-heeled Women's Shoes Cheap Comfortable Flat-soled Slippers Female Outdoor Fashion Slippers,1005001999275964,https://ae01.alicdn.com/kf/H2060be36582e451f9e96eaa03bdbb395G/2021-New-Summer-Temperament-Flat-heeled-Women-s-Shoes-Cheap-Comfortable-Flat-soled-Slippers-Female-Outdoor.jpg_220x220.jpg,"https://ae04.alicdn.com/kf/H2060be36582e451f9e96eaa03bdbb395G.jpg,https://ae04.alicdn.com/kf/H912eeb998fea4498b26006467d164e115.jpg,https://ae04.alicdn.com/kf/H8fb97617b9d443b3b575e4cf6af757446.jpg,https://ae04.alicdn.com/kf/H9e5255b147414e7ebba3fa621cbf734cZ.jpg,https://ae04.alicdn.com/kf/H3d63a95c537548b3a5f321fe0a8391260.jpg,",https://www.aliexpress.com/item/1005001999275964.html,11.99,7.19,40.00%,2098-12-31,40%,https://s.click.aliexpress.com/e/_Almeim
Women's Shoes,200133142,Spring And Summer New Hollow Shoes Single Shoes Thick With Bow Metal Buckle Women's Shoes Deep Khaki Sweet And Cute High Heels,1005002124757219,https://ae01.alicdn.com/kf/H08a40b125f5040df8eb76cb90dd49203h/Spring-And-Summer-New-Hollow-Shoes-Single-Shoes-Thick-With-Bow-Metal-Buckle-Women-s-Shoes.jpg_220x220.jpg,"https://ae04.alicdn.com/kf/H08a40b125f5040df8eb76cb90dd49203h.jpg,https://ae04.alicdn.com/kf/Hc5944d1e001743cf95ef973baeee59338.jpg,https://ae04.alicdn.com/kf/H632539b07f87441db63fd2d841fbacfcT.jpg,https://ae04.alicdn.com/kf/Hf383f1f5019241d38ce64ac21108e5f2A.jpg,https://ae04.alicdn.com/kf/H012603a7ae20414fa4fe311ec0763ed12.jpg,",https://www.aliexpress.com/item/1005002124757219.html,61.89,32.18,8.00%,2098-12-31,48%,https://s.click.aliexpress.com/e/_ABCN74
Women's Shoes,200133142,New Wedge Heel Shallow Shoes Pearl Metal Buckle Flock Comfortable High Heels One Word Buckle Red Office Frosted Shoes,1005002124551657,https://ae01.alicdn.com/kf/H536f136c2c2e41158bbb0c92d7a73e38J/New-Wedge-Heel-Shallow-Shoes-Pearl-Metal-Buckle-Flock-Comfortable-High-Heels-One-Word-Buckle-Red.jpg_220x220.jpg,"https://ae04.alicdn.com/kf/H536f136c2c2e41158bbb0c92d7a73e38J.jpg,https://ae04.alicdn.com/kf/H7e414189966e4cab88bb937d5b07589a4.jpg,https://ae04.alicdn.com/kf/H20299bc95fa64183b8257a0b5997e53a4.jpg,https://ae04.alicdn.com/kf/H879b44e1a8fb4984a1cff025909b9f3dy.jpg,https://ae04.alicdn.com/kf/H00720024d5784fdf9c0766f3ae618b192.jpg,",https://www.aliexpress.com/item/1005002124551657.html,60.85,31.64,8.00%,2098-12-31,48%,https://s.click.aliexpress.com/e/_AfcbYq
Women's Shoes,200133142,New 2020 Women Sandals Summer Howllow OutVintage Wedges Sandals Closed Toe Mixed Colors Pu Leather Soft Sole Casual Ladies Shoes,1005001901002209,https://ae01.alicdn.com/kf/H6f0fb90bc73441e1b4a7f282fc8802d05/New-2020-Women-Sandals-Summer-Howllow-OutVintage-Wedges-Sandals-Closed-Toe-Mixed-Colors-Pu-Leather-Soft.jpg_220x220.jpg,"https://ae04.alicdn.com/kf/H6f0fb90bc73441e1b4a7f282fc8802d05.jpg,https://ae04.alicdn.com/kf/H03164084c44b4f3087948c5c3869ec16y.jpg,https://ae04.alicdn.com/kf/Hbfc69a9b0f774af3979c61162ffae293H.jpg,https://ae04.alicdn.com/kf/H4bfef742bef949159006c573e1e59581Q.jpg,https://ae04.alicdn.com/kf/He764568ed5ea4e04a30c6bf498977107O.jpg,",https://www.aliexpress.com/item/1005001901002209.html,13.32,8.52,9.00%,2098-12-31,36%,https://s.click.aliexpress.com/e/_Ao5UBu
Women's Shoes,200133142,Fashion Women Sandals Waterproo Sli On Round Female  Slippers Casual Comfortable Outdoor Fashion Sunmmer Plus Size Shoes Women,1005001900942441,https://ae01.alicdn.com/kf/H4bfef742bef949159006c573e1e59581Q/Fashion-Women-Sandals-Waterproo-Sli-On-Round-Female-Slippers-Casual-Comfortable-Outdoor-Fashion-Sunmmer-Plus-Size.jpg_220x220.jpg,"https://ae04.alicdn.com/kf/H4bfef742bef949159006c573e1e59581Q.jpg,https://ae04.alicdn.com/kf/H4e47a910531046d88485f98658e8add7m.jpg,https://ae04.alicdn.com/kf/He764568ed5ea4e04a30c6bf498977107O.jpg,https://ae04.alicdn.com/kf/H6f0fb90bc73441e1b4a7f282fc8802d05.jpg,https://ae04.alicdn.com/kf/Hbfc69a9b0f774af3979c61162ffae293H.jpg,",https://www.aliexpress.com/item/1005001900942441.html,10.87,6.96,8.00%,2098-12-31,36%,https://s.click.aliexpress.com/e/_9waiKm
Women's Shoes,200133142,Platform Sandals Women Summer Spring Wedges Shoes for Female Mixed Colors Casual Beach Cut-Out Fashion Plus Size Ladies Sandals,1005001900818856,https://ae01.alicdn.com/kf/H03164084c44b4f3087948c5c3869ec16y/Platform-Sandals-Women-Summer-Spring-Wedges-Shoes-for-Female-Mixed-Colors-Casual-Beach-Cut-Out-Fashion.jpg_220x220.jpg,"https://ae04.alicdn.com/kf/H03164084c44b4f3087948c5c3869ec16y.jpg,https://ae04.alicdn.com/kf/H6f0fb90bc73441e1b4a7f282fc8802d05.jpg,https://ae04.alicdn.com/kf/Hbfc69a9b0f774af3979c61162ffae293H.jpg,https://ae04.alicdn.com/kf/H4bfef742bef949159006c573e1e59581Q.jpg,https://ae04.alicdn.com/kf/He764568ed5ea4e04a30c6bf498977107O.jpg,",https://www.aliexpress.com/item/1005001900818856.html,14.11,9.03,9.00%,2098-12-31,36%,https://s.click.aliexpress.com/e/_98PXpg
Women's Shoes,200133142,Winter Women Snow Boots Natural Fur Pu Leather Ankle Boots Winter Comfortable Wedges Wool Boots Women Daily Warm Shoes,1005001900425472,https://ae01.alicdn.com/kf/H38ae5a0c679240619cdf411210c37ea28/Winter-Women-Snow-Boots-Natural-Fur-Pu-Leather-Ankle-Boots-Winter-Comfortable-Wedges-Wool-Boots-Women.jpg_220x220.jpg,"https://ae04.alicdn.com/kf/H38ae5a0c679240619cdf411210c37ea28.jpg,https://ae04.alicdn.com/kf/He6e39cde3230447fab275dba2102563aO.jpg,https://ae04.alicdn.com/kf/H98c4a4a4049145c18fd6ae90bb7adc48S.jpg,https://ae04.alicdn.com/kf/H695227171da142f08b9fd46d1cbdf02b4.jpg,https://ae04.alicdn.com/kf/H05394239b14246b5bada840fa7309273O.jpg,",https://www.aliexpress.com/item/1005001900425472.html,16.65,10.66,8.00%,2098-12-31,36%,https://s.click.aliexpress.com/e/_ArBE7C
Women's Shoes,200133142,New Women Slippers Fashion Tassels Summer Shoes Brand Beach Slides Retro Mules Shoes For Women Flat Slipper Outdoor,1005001900347788,https://ae01.alicdn.com/kf/H1c23ee9995554b14b4828558618a6ecfh/New-Women-Slippers-Fashion-Tassels-Summer-Shoes-Brand-Beach-Slides-Retro-Mules-Shoes-For-Women-Flat.jpg_220x220.jpg,"https://ae04.alicdn.com/kf/H1c23ee9995554b14b4828558618a6ecfh.jpg,https://ae04.alicdn.com/kf/H84c0c5616ff54efd969d3db1f394246bw.jpg,https://ae04.alicdn.com/kf/Hfe4900cf60b0429899ec9a5b9594858a5.jpg,https://ae04.alicdn.com/kf/Hcf0e2f563723432cbc0fabb51906cddek.jpg,https://ae04.alicdn.com/kf/Hd8174ad9651448409c62a357a0e3bbf0n.jpg,",https://www.aliexpress.com/item/1005001900347788.html,15.90,10.18,8.00%,2098-12-31,36%,https://s.click.aliexpress.com/e/_AaiszM
Women's Shoes,200133142,Summer Women's Sandals PU Leather Transparent Retro Sandals Slip On Casual Square Toe Ladies Flat Shoes Woman Beach Footwear,1005001901041078,https://ae01.alicdn.com/kf/H9d42a401fa6946c99114968ddf921a69g/Summer-Women-s-Sandals-PU-Leather-Transparent-Retro-Sandals-Slip-On-Casual-Square-Toe-Ladies-Flat.jpg_220x220.jpg,"https://ae04.alicdn.com/kf/H9d42a401fa6946c99114968ddf921a69g.jpg,https://ae04.alicdn.com/kf/H4b5bc9f9e2814389b2e23fbd4e51a99ei.jpg,https://ae04.alicdn.com/kf/Ha691265c1023482a88ed02a4ec10b321v.jpg,https://ae04.alicdn.com/kf/Hf0d2c9c4882a45f0a0b2f580a2afc930W.jpg,https://ae04.alicdn.com/kf/Hbec1422a655a457bad20ca4c7a8a7647W.jpg,",https://www.aliexpress.com/item/1005001901041078.html,9.37,6.00,10.00%,2098-12-31,36%,https://s.click.aliexpress.com/e/_ADTzS6
Women's Shoes,200133142,2021 New Summer Fashion Sandals Shoes Women Bow Summer Sandals Slipper Indoor Outdoor Flip-flops Beach Shoes Female Slippers,1005001954560165,https://ae01.alicdn.com/kf/H31e3212f90794eada9fcdd45952d2ae2P/2021-New-Summer-Fashion-Sandals-Shoes-Women-Bow-Summer-Sandals-Slipper-Indoor-Outdoor-Flip-flops-Beach.jpg_220x220.jpg,"https://ae04.alicdn.com/kf/H31e3212f90794eada9fcdd45952d2ae2P.jpg,https://ae04.alicdn.com/kf/H16c6abbf7dcc4ec185c7d7021ee06166r.jpg,https://ae04.alicdn.com/kf/H7cbb9f6859ee4e4fae1602eb6ccb8d31u.jpg,https://ae04.alicdn.com/kf/Hf3300a14dae84bfebb3f099ccbd98dd6U.jpg,https://ae04.alicdn.com/kf/H8f402958f811439c96e9fdc2509b76e3c.jpg,",https://www.aliexpress.com/item/1005001954560165.html,8.32,5.32,20.00%,2098-12-31,36%,https://s.click.aliexpress.com/e/_A69ywO
Women's Shoes,200133142,Women's Slippers Casual Fashion Home Outdoor Flat-Bottomed Comfortable Bow Decoration Non-Slip Sandals Women's Slippers,1005001954461556,https://ae01.alicdn.com/kf/Hbc623c8f738e48139f6c3be4a5dd3975y/Women-s-Slippers-Casual-Fashion-Home-Outdoor-Flat-Bottomed-Comfortable-Bow-Decoration-Non-Slip-Sandals-Women.jpg_220x220.jpg,"https://ae04.alicdn.com/kf/Hbc623c8f738e48139f6c3be4a5dd3975y.jpg,https://ae04.alicdn.com/kf/H8e770c9cd9194fb586f27eb8237b5440U.jpg,https://ae04.alicdn.com/kf/Heccf1821e3c941f6bfc6539b9e8fc9434.jpg,https://ae04.alicdn.com/kf/He45b55854d624d0eb2891f52cea3ae22F.jpg,https://ae04.alicdn.com/kf/H42b22022c39d425d92951c5db6e4d36dA.jpg,",https://www.aliexpress.com/item/1005001954461556.html,8.59,5.50,20.00%,2098-12-31,36%,https://s.click.aliexpress.com/e/_ANkhia
Women's Shoes,200133142,Summer Women Slippers 2021 Women Shoes Women Sandals Open Toe Flat Slippers Summer Rhinestone Outdoor Fashion Plus Size 42,1005001901050083,https://ae01.alicdn.com/kf/H129ee0a215ee4bf0918097078661c43a6/Summer-Women-Slippers-2021-Women-Shoes-Women-Sandals-Open-Toe-Flat-Slippers-Summer-Rhinestone-Outdoor-Fashion.jpg_220x220.jpg,"https://ae04.alicdn.com/kf/H129ee0a215ee4bf0918097078661c43a6.jpg,https://ae04.alicdn.com/kf/Hbd6d39ea8209401db6783665801bb35fC.jpg,https://ae04.alicdn.com/kf/Hd3199d65d47d4b5cacf3c543d34e6cbdn.jpg,https://ae04.alicdn.com/kf/H8427f6bb0780481f96a3fb81d809b571D.jpg,https://ae04.alicdn.com/kf/Hdca810c33ffc4df6a9719fe7486a86ceN.jpg,",https://www.aliexpress.com/item/1005001901050083.html,14.70,9.41,9.00%,2098-12-31,36%,https://s.click.aliexpress.com/e/_ATysro
Women's Shoes,200133142,Women Transparent Slippers Pleat Ladies Flip Flops Fashion Square Toe Casual Female Flats Beach Shoes Woman Summer Footwear,1005001900961356,https://ae01.alicdn.com/kf/H4b5bc9f9e2814389b2e23fbd4e51a99ei/Women-Transparent-Slippers-Pleat-Ladies-Flip-Flops-Fashion-Square-Toe-Casual-Female-Flats-Beach-Shoes-Woman.jpg_220x220.jpg,"https://ae04.alicdn.com/kf/H4b5bc9f9e2814389b2e23fbd4e51a99ei.jpg,https://ae04.alicdn.com/kf/Ha691265c1023482a88ed02a4ec10b321v.jpg,https://ae04.alicdn.com/kf/H9d42a401fa6946c99114968ddf921a69g.jpg,https://ae04.alicdn.com/kf/Hf0d2c9c4882a45f0a0b2f580a2afc930W.jpg,https://ae04.alicdn.com/kf/Hbec1422a655a457bad20ca4c7a8a7647W.jpg,",https://www.aliexpress.com/item/1005001900961356.html,12.20,7.81,10.00%,2098-12-31,36%,https://s.click.aliexpress.com/e/_9jplGQ
